# Created by Octave 6.2.0, Fri Sep 24 22:11:16 2021 CEST <adrianvazquezbarrera@Adrians-MacBook-Pro.local>
# name: w
# type: matrix
# rows: 197
# columns: 10
 -1020 -900 -930 -1020 -950 -830 -920 -910 -1270 -950
 0 0 0 0 0 0 0 0 0 0
 0 0 0 0 0 0 0 0 0 0
 -10 -10 -40 -20 -10 40 -10 -10 -30 -20
 -15.3 -35.3 -79.1 -35.3 -22.2 19.2 -15.3 74.6 -29.1 -32.2
 -21.5 -80 -14.6 -74.6 -17.7 -74.6 -54.6 140 -54.6 -44.6
 -80.8 -165.2 -91.56 -65.7 -21 -157.9 -111.7 -1.4 -35.5 -150.8
 -152.3 -191.5 -143 -135.1 -167 -199.9 -232.3 -173.7 -81.7 -132.5
 -244.8 -208.7 -282.2 -213.1 -283.8 -297 -194.7 -333.1 -205.6 -68.8
 -318.3 -193.3 -237.6 -319.1 -402.3 -254.6 -267.5 -404.7 -232.8 -111.3
 -279.4 -213.7 -261.4 -309.4 -376 -332.3 -290.6 -196.9 -210.3 -219.7
 -279.5 -201.5 -228.9 -274.3 -191.5 -254.2 -274.7 -233 -259.1 -281.5
 -116 -56 -204 -142.1 -94.1 -26.03 -129.9 -69.1 -171.5 -169.5
 -86.93 3.9 -107.7 -143.1 -24.7 70 -119.2 -83.8 -90.77 -61.5
 0 0 0 -10 0 10 0 0 -10 -10
 0 -6.2 -6.2 -18.6 -6.2 0 0 24.8 -6.2 -18.6
 -1.2 -0.12 -4.497 -11.69 8.8 2.4 -1.32 13.76 -9.966 -12.4
 -53.16 -50.05 -26.32 -74.18 -38.43 -2.52 -77.5 56.94 -115.8 -87.28
 -146.1 -131.8 -115.3 -88.82 -112.1 -86.45 -141.9 64.08 -133 -188.1
 -291.4 -341.8 -265.7 -212.4 -198.3 -204.6 -352.7 -117.1 -307.5 -385.5
 -379.9 -535.8 -420.2 -387.8 -412.8 -393.3 -461.5 -151.9 -495.9 -451.3
 -470 -697.1 -511.9 -496.1 -610 -549.2 -629.1 -357 -491.2 -428.4
 -604.8 -712.3 -574 -584.3 -836.9 -691.4 -666.5 -499.4 -604.8 -400.8
 -572.6 -690 -699.9 -660.4 -886.2 -703.3 -654.1 -543.9 -577.7 -397.5
 -661.3 -747.9 -722.2 -743.1 -828.3 -707.5 -774.3 -578.1 -605.9 -569.1
 -611.1 -563.6 -578.9 -567.4 -469.2 -538.7 -556.3 -361.1 -607.5 -618.8
 -411.2 -377.1 -473.7 -351.1 -296 -268.9 -419.9 -284.5 -496.1 -470.4
 -203.1 -104.9 -185.9 -117.9 -92.23 72.24 -191.1 -111.2 -221.8 -173.3
 -56 -29.1 -29.1 -65.41 -38.6 75.51 -34.5 20 -28.4 -54.3
 -10 0 0 20 0 0 0 0 0 -20
 -28.65 -10.05 39.06 -10.9 1.173 -23.1 -49.01 -18.8 -36.77 -47.1
 -75.74 -71.05 -68.21 -116.3 -96.84 -41.67 -94.69 -41.22 -8.102 -155.9
 -254.8 -212.9 -210.8 -177 -247.8 -209.7 -269.3 -73.23 -200.9 -281.6
 -428.7 -536.7 -347.1 -353.6 -376.3 -426.2 -518.9 -292.4 -412.8 -389.9
 -451.8 -617.6 -460.7 -496.4 -549.5 -487.3 -528 -414.9 -445.5 -406.9
 -405.2 -511.6 -427.1 -477.3 -477.3 -446.4 -468.2 -222.3 -376.3 -484.5
 -378.1 -356 -342 -351 -531.5 -384.8 -448.6 -276.5 -350.6 -410.7
 -304.4 -334.4 -357.8 -339.1 -594.9 -345.3 -429 -279 -563.8 -433.8
 -452.5 -563.4 -553.8 -615 -556.3 -619.7 -657.4 -535.6 -539.6 -635.5
 -522.8 -540.9 -507.8 -541.7 -453.6 -620 -595.3 -452.7 -510.6 -604.9
 -324.9 -356.2 -446.5 -146.8 -286.2 -335.2 -382.2 -206.7 -272.3 -345.2
 -171.9 -116.8 -167.4 -66.89 -182.4 -6.667 -115 -92.45 -76.47 -120.7
 -105.5 -27.6 -9.9 -76.6 -36.8 74.7 -45.3 -33.9 -31.7 -73.1
 0 0 37.7 0 -10 -10 -20 0 -37.7 0
 -8.149 0 23.75 -8.83 -4.502 -10.1 -24.34 -20.5 -14.19 -4.002
 -143 -114.6 -108.8 -203.9 -157.3 -49.19 -149.1 -67.77 -76.28 -137
 -252.9 -369.5 -212.8 -407.1 -324.9 -291.3 -379.7 -258.1 -284.1 -238
 -419.2 -551.2 -386.9 -381.6 -358.4 -364.5 -443.1 -397.3 -470.3 -371.7
 -319.8 -474.7 -339.3 -425.2 -279.5 -329.7 -383.9 -280.9 -303.7 -308.4
 -233.5 -352.9 -306.1 -370.2 -292.1 -243.7 -246.5 -236.6 -254.2 -240.1
 -70.22 -208.1 -248.8 -259.9 -345.5 -101.1 -330.3 -312.9 -445 -124.7
 -196.2 -230.4 -359 -261.3 -359.3 -277.3 -392.4 -203.9 -414.1 -423.4
 -463.6 -517 -625.3 -556.3 -496.6 -610.5 -685.9 -456.3 -556.8 -565
 -459.6 -534.5 -518.1 -447.1 -533.9 -561.6 -643.4 -428.1 -540 -447.5
 -228.4 -347.6 -346.1 -202.3 -261.4 -421.7 -377.2 -300.2 -133.7 -235.6
 -47.06 -128.7 -178 70.18 -153.6 -81.37 -129.9 -77.22 -90.89 -164.5
 -21.8 -45.8 6.2 30.2 -51.9 -25.2 -49.1 -30 -30.3 -41.6
 -10 -10 30 0 0 -20 0 0 -20 0
 -14.76 -23.6 37.4 -30.24 -20.62 -51.98 -35.81 -41.87 -32.77 -1.203
 -193.5 -162.5 -231 -233.5 -211.2 -94.52 -156.8 -210.9 -110.2 -78.66
 -337.8 -454.3 -395.7 -528.1 -392.3 -278.8 -405.7 -367 -372.3 -144.2
 -354.6 -492.5 -372.1 -584.3 -325 -314.4 -465.4 -360.7 -373.6 -399.5
 -316.7 -310.1 -212.4 -473.7 -291.3 -224.6 -366.3 -473.4 -358.8 -159.1
 -246.6 -312.5 -310.5 -347.7 -344.5 -152.6 -296 -451.4 -168.8 -202.7
 -337.1 -320.8 -323.9 -340.4 -393.4 -174.2 -304.8 -440.3 -215 -104.2
 -485.5 -316.8 -499.5 -384.4 -503.3 -636.3 -528.2 -406.5 -618.7 -357.5
 -495.9 -600.7 -574 -428 -503.3 -815.2 -712.7 -590.3 -538.2 -537
 -268.2 -389.7 -345.1 -348.4 -375.6 -449 -466.1 -351.9 -344 -262.6
 -63.15 -188.8 -225.6 -107.3 -174.9 -310.6 -299.2 -160.1 -114 -155
 88.77 -44.7 -49 55.97 -72.93 -177.4 -73.91 -77.79 -32.81 -39.79
 47.6 -12.9 7.1 -5.5 -21.4 -61.4 -17.7 -31.4 -21.4 -10
 -2.3 -2.3 4.6 0 0 -4.6 0 0 -2.3 0
 25.55 -50.27 -37.91 -52.28 18.58 -51.1 -4.66 -44.18 -2.483 -49.54
 -157.9 -225 -300.4 -236.1 -37.97 -172.7 -119 -236.5 -156.5 -86.36
 -235.7 -380 -467.1 -502.9 -186.2 -175.4 -349.5 -501.9 -283.3 -174.8
 -374.2 -365.5 -495.1 -446.5 -218.6 -265.3 -347.9 -400.2 -277.7 -300.9
 -327.8 -307.2 -417.2 -396.7 -185.1 -277.8 -338.8 -481 -270.6 -283.7
 -311 -383.6 -500.3 -363.4 -325.7 -283 -386.4 -510.2 -372.6 -258.2
 -611.5 -420.3 -539.4 -448.7 -550.1 -504.7 -607.5 -579.6 -489.4 -413.5
 -685.8 -556.5 -582.6 -513 -519.8 -619.4 -647.8 -565.6 -588.2 -524
 -434.4 -487.3 -446.9 -313.4 -357.5 -491.2 -552 -416.5 -478.5 -239.6
 -236.6 -235.3 -259.9 -226.7 -222 -277.9 -350.6 -244.6 -288.2 -31.28
 1.124 -93.5 -59.42 -64.56 -44.29 -203.9 -254.8 -133.4 -137.4 -68.06
 82.59 -40.09 -28.27 -65.14 -49.86 -125.2 -69.86 -59.86 -3.449 -19.86
 47.87 0 7.53 -7.87 -0.17 -37.87 -10.17 -7.7 -0.17 0
 -1.5 -22.3 -29.2 -12.3 16.9 -22.3 -13.1 -20 -22.3 -12.3
 10.45 -45.87 -136.7 -76.97 49.53 -34.96 -4.47 -100.4 -90.97 -2.57
 -58 -154.2 -293.2 -248.3 -8.843 -21.53 -132.2 -223.9 -210.4 -159
 -253.2 -326.5 -402.5 -247.6 -160.8 -198.6 -261.3 -365.3 -357.7 -252.8
 -327 -380.8 -501.3 -392.6 -257.7 -179.7 -353.4 -463.6 -425.4 -396.1
 -465 -513.5 -594 -501.5 -403.5 -231.8 -423.1 -669.6 -434.9 -415.2
 -690.4 -512.7 -593.3 -496.7 -561.3 -416.7 -687.3 -673.4 -504.1 -469.4
 -763.1 -485.1 -645.9 -585 -606.3 -617.4 -680.8 -658 -593.9 -632.1
 -615.9 -404.1 -580.6 -482.6 -430.5 -492.3 -562 -576.5 -434.5 -457
 -371 -309.5 -347.3 -297.2 -285.8 -282.9 -328.8 -316.6 -515.1 -158
 -164.3 -192.4 -96.51 -266.9 -120.3 -149.7 -282.9 -167 -256.5 -162.3
 -27.54 -86.01 -41.27 -116.3 -30.92 -188.7 -170.6 -141.7 -162.7 -157.6
 86.58 -39.9 -64.74 16.6 -46.06 -165.9 -44.47 -54 -28.83 -16.25
 6.3 0 -2.3 3.7 -2.3 -3.8 -12.3 0 -2.3 0
 -20 -30 -60 -20 60 -40 10 -20 -30 -40
 67.96 -77.31 -145 -112.8 44.27 -140.7 -23.62 -105.7 -127.7 -54.94
 -26.51 -115.8 -100.6 -165.1 -19.11 -196.8 -148.8 -154.1 -211 -180.8
 -142.4 -203.4 -246.4 -202.5 -168.6 -218.8 -215.8 -248.6 -334.6 -249
 -347.2 -436.6 -367.7 -371.3 -291.4 -388.9 -350.4 -477.9 -306.8 -415.2
 -477.3 -416 -446.1 -354.7 -443.2 -459.7 -456.7 -551.5 -440.6 -457.6
 -601.9 -536.4 -547.7 -457.9 -543.7 -538.9 -595.1 -662.8 -408.4 -551.7
 -574.2 -481.6 -575.5 -390.4 -535.3 -512.7 -558 -493.7 -554.6 -554
 -492.4 -319.8 -485.3 -425.5 -366.8 -395.5 -385.3 -403.7 -368.5 -396.9
 -289.8 -279.2 -292.4 -251.8 -213.1 -305.9 -215.2 -327.4 -396.7 -255.3
 -226.4 -249.5 -235.1 -184.2 -180.2 -252.9 -194.6 -275.2 -328.2 -268.8
 19.88 -115 -197 -109 -58.76 -139.1 -87.95 -126.1 -184.1 -180.6
 81.85 -39.78 -130.4 38.15 -35.87 -160.7 -1.666 -49.95 -49.64 -27.39
 -33.7 0 -4.8 40 0 -10 -1.5 0 0 0
 35.1 -33.6 -73.8 -33.1 -6.9 -7.8 20 -16.9 -16.9 -19.8
 74.43 -84.31 -56.22 -116 -75.2 -214.1 -32.02 -87.27 -117.3 -101.3
 49 -107 -70.67 -187.4 -26.21 -289.7 -80.61 -120.8 -26.08 -100.1
 -87.39 -246.3 -139.2 -347.7 -99.41 -376 -112.8 -228 -71.74 -292.3
 -253.1 -270.5 -289.2 -486.3 -236.4 -449.3 -195.2 -314.1 -128.9 -307.9
 -376.8 -338.4 -337.8 -412.1 -303 -554.5 -357 -391.5 -241.8 -391.8
 -499.2 -335.2 -369.8 -592.4 -386.7 -486.8 -457.9 -460.3 -277 -460.9
 -558 -406 -324.1 -483.7 -324.7 -422.1 -385.1 -416.9 -348.8 -438.3
 -441.8 -403.4 -303.9 -330 -387 -455.9 -276.4 -371.5 -276.7 -345.1
 -355.1 -334 -244.4 -281.2 -301.4 -337.1 -378.4 -301.2 -277.3 -465.2
 -239.8 -277.4 -366.7 -188.8 -259.6 -274.6 -143.9 -230.1 -313.3 -296.5
 -70.18 -136.7 -229.6 -97.26 -186.6 -109 -88.55 -161.6 -223.2 -218.7
 -73.38 -42.3 -94.21 31.27 -66.97 -93.95 -11.1 -43.93 -99.6 -59.75
 -29.4 -32.2 14.1 -39.9 -59.5 -4.4 -59.5 -22.6 -81.9 -29.7
 9 -22.5 -18.2 -42 -75.4 -13.4 -30.8 -26.7 -52.7 -35.9
 -41.16 -147.4 -59.88 -158.7 -197.5 -136.8 -154.9 -130.4 -149.3 -183.1
 -107.4 -218.1 -81.94 -266.6 -203.4 -291 -211.6 -198 -71.12 -315.2
 -192.8 -276.4 -120.6 -551.2 -284.2 -340.4 -181.4 -291.2 -92.36 -397.4
 -366.9 -273.3 -232.7 -556.1 -333.1 -473.5 -217.7 -346.2 -176.2 -452.9
 -453.5 -309.1 -256.7 -573 -323.1 -508.7 -366 -363.4 -288.9 -556.6
 -498.1 -353.8 -284.8 -558.6 -344.2 -436.1 -282.4 -366.7 -378.7 -381.7
 -427.4 -312.2 -283.4 -356.1 -304.6 -265.8 -192 -240 -391 -370.5
 -290.6 -457.1 -262 -294 -252.7 -371.7 -280.2 -335.9 -277.4 -258.9
 -252.8 -355.4 -253.6 -199.7 -362.4 -322.9 -295 -251.6 -358.4 -454.4
 -293.5 -292.1 -207.5 -88.02 -355.1 -297 -254.4 -268.6 -387.5 -302
 -168.6 -127.2 -97.19 -84.33 -224 -99.54 -131.5 -176 -189.9 -160.8
 -39.8 -73.27 -49.61 20.98 -79.97 -56.57 4.02 -71.27 -151.2 -42.67
 -10 -35.4 -20.79 -30 -10.77 11.53 -5.37 -30 -28.44 0
 -43.9 -52.08 -18.88 -37.5 -51.84 46.26 -79.64 -33.38 -52.8 -64.9
 -173.6 -239.9 -157.9 -130.1 -272.3 -39.03 -182.8 -172 -128.2 -234.6
 -354.3 -348.4 -252.2 -285.2 -411.3 -213.7 -305.6 -343.4 -300.7 -447.9
 -289 -406.8 -395.7 -445.8 -455.9 -222.7 -269.4 -353.9 -326.4 -493.4
 -422.5 -398.9 -353.8 -490.8 -469.3 -273.2 -270.5 -444.5 -505.5 -423.9
 -485 -339.3 -395.5 -465.6 -403.1 -387.9 -230.9 -417.6 -487.3 -303
 -425.2 -290 -308 -377.2 -345.6 -403.4 -166.8 -338.7 -324.5 -307.4
 -253.6 -314.1 -209.1 -261.3 -251.3 -376 -196.3 -261.2 -284.1 -302.3
 -233.8 -318.1 -178.1 -231.3 -299.1 -324.8 -328.1 -276.9 -270.2 -374.5
 -306.9 -424.1 -242.2 -211.7 -315.2 -329.4 -263.3 -271.1 -271.2 -451.7
 -321.8 -230 -255.5 -86.21 -254.8 -208.1 -145.6 -227.4 -182.7 -284.6
 -232.2 -103.5 -156.8 -142.5 -182.7 -18.35 -111.6 -206.1 -122.8 -153.3
 -78.02 -59.92 86.52 -77.38 -85.89 -36.13 -69.01 -102.4 -159.5 -80.1
 -30 -10 110 -20 -40 -40 -40 -20 -80 -20
 -27 -8.2 -13.9 -69.7 -52.4 -46 -14.5 -46.8 34.5 -26.9
 -201.3 -175.1 -113.2 -181 -256 -30.59 -201.1 -194.5 -109.8 -254.8
 -347.7 -380.5 -235 -309.6 -383.3 -331.9 -348 -400.8 -415.6 -466.3
 -453.5 -457.1 -388.8 -401.4 -502.9 -439.8 -386.9 -541.1 -480.4 -533
 -515.2 -480.5 -499.8 -438.6 -562 -463.8 -383.9 -517.2 -612.4 -493.3
 -431.4 -357.4 -401.3 -389.1 -417.7 -341.7 -356.6 -434.5 -590.4 -486.9
 -417.7 -354.6 -402.7 -434 -480.3 -354.5 -372.6 -455.9 -341.2 -500.6
 -349.2 -376.6 -258.5 -360.6 -374.9 -324 -315.6 -422.5 -395.4 -498.5
 -393 -371 -192.2 -449.8 -365.1 -211.8 -347.6 -451.5 -366.7 -528.4
 -387.1 -382.8 -157.5 -237.8 -313 -259.1 -208.8 -367.7 -298.1 -432
 -253.3 -162.9 -25.11 -211.9 -205.6 -176.7 -125.8 -274.6 -232.3 -244.2
 -157.9 -89.1 103.1 -118 -112.3 -80.24 -130.5 -212.3 -171.2 -121.6
 -77.41 -36.8 69.58 -48.49 -40.25 10.24 -58.17 -74.59 -84.41 -62.2
 -10 0 33.8 0 -14.6 -14.6 -14.6 -20 -19.2 -10
 -24.6 -10 11.6 6 -21.7 -48.3 -20 -31.6 -6.3 -39.9
 -175.7 -76.02 -143.3 -90.38 -180.5 -101.9 -175.4 -205.9 -71.29 -224.7
 -338 -317.3 -208.6 -369.3 -384.5 -346.3 -297.2 -368.5 -358.7 -430.2
 -451.6 -481.3 -445.3 -427.9 -524.8 -552.1 -440.9 -577.5 -452.2 -600.4
 -532.3 -524.9 -639.7 -483.8 -648.3 -644.7 -494.1 -557.1 -454.4 -830.2
 -528.3 -541.5 -663.7 -466.4 -575.6 -626.4 -445.9 -605.7 -341.2 -738.1
 -437.8 -440 -584 -436.8 -496.2 -486.4 -294.4 -526.7 -390.8 -545.1
 -366.7 -414.6 -478.7 -414.6 -383.1 -406.9 -282 -443.5 -343.7 -496.8
 -265.1 -346.9 -260.3 -322.3 -274.4 -332.6 -286.3 -423.9 -207.5 -445.2
 -285.4 -236.5 -131.2 -256 -216 -229.1 -226 -300.4 -194.6 -237.2
 -222.1 -116.5 79.94 -153.1 -130.2 -71.02 -185.5 -191 -190.4 -145.9
 -165 -67.3 221 -88.31 -90.3 -65.68 -129.6 -154.7 -153.3 -131.3
 -28.36 -25.6 30.97 -12.94 -30.32 14.37 -41.5 -50.36 -39.66 -52.88
 0 0 11.7 -1.7 0 0 0 -11.7 0 0
 0 0 0 0 0 0 0 0 0 0
 -31.5 43.07 -11.7 -13.9 -58.47 -45.3 -47.6 -67.6 -83.17 -46.1
 -168.6 -46.2 -134.7 -26.07 -145.4 -177 -115.5 -204.7 -185.3 -157.8
 -211.6 -214.7 -260 -158.8 -223.9 -319.2 -153.9 -296.3 -203.9 -159.3
 -223.7 -265 -295.3 -284.8 -233.7 -192.7 -229.8 -365.6 -259.5 -279.4
 -204.1 -185.9 -273.4 -217.3 -289.1 -313.9 -276 -289.1 -356.9 -324.2
 -230 -224.8 -306.1 -169.8 -294 -253.4 -232.5 -227 -218.3 -225.5
 -112.6 -149.3 -249.8 -96.23 -101.3 -77.81 -59.78 -183.9 -8.97 -207.8
 -151.4 -61.17 -138.6 -43 -100 -66.37 -95.14 -169.2 48.7 -178.8
 -152.3 -34.6 -58.33 -63 -33.8 -47.6 -106.2 -103.8 -36.17 -84.6
 -111.6 -30 13.8 -27.6 -40 -30 -60 -15.4 -80 -60
 -42.3 -36.9 -12.3 -20 -40 10 -36.9 -27.7 -40.8 -60
 0 -9.6 19.6 -19.6 0 0 -9.6 -10 0 0
 0 0 0 0 0 0 0 0 0 0


