# Created by Octave 6.2.0, Fri Sep 24 22:15:10 2021 CEST <adrianvazquezbarrera@Adrians-MacBook-Pro.local>
# name: w
# type: matrix
# rows: 2001
# columns: 2
 0 0
 8.997e+04 -8.997e+04
 5277 -5277
 1.251e+05 -1.251e+05
 3.145e+04 -3.145e+04
 3.16e+04 -3.16e+04
 7.889e+04 -7.889e+04
 1.065e+04 -1.065e+04
 6.918e+04 -6.918e+04
 -1.792e+04 1.792e+04
 -3.659e+04 3.659e+04
 1.433e+04 -1.433e+04
 -1.739e+04 1.739e+04
 1.282e+04 -1.282e+04
 -4.935e+04 4.935e+04
 -7.379e+04 7.379e+04
 3.85e+04 -3.85e+04
 -5.173e+04 5.173e+04
 5.48e+04 -5.48e+04
 -4.164e+04 4.164e+04
 -2.681e+04 2.681e+04
 -4.558e+04 4.558e+04
 -1446 1446
 -7398 7398
 -9928 9928
 -8.24e+04 8.24e+04
 1.358e+04 -1.358e+04
 1.57e+04 -1.57e+04
 -1.135e+04 1.135e+04
 3.574e+04 -3.574e+04
 -4.322e+04 4.322e+04
 -2.529e+04 2.529e+04
 3.123e+04 -3.123e+04
 -3.776e+04 3.776e+04
 4.6e+04 -4.6e+04
 -1.2e+05 1.2e+05
 -1.428e+05 1.428e+05
 -4.475e+04 4.475e+04
 -4.98e+04 4.98e+04
 -6.446e+04 6.446e+04
 -1.028e+04 1.028e+04
 4.154e+04 -4.154e+04
 -2.581e+04 2.581e+04
 -8.541e+04 8.541e+04
 -2.054e+04 2.054e+04
 2.031e+04 -2.031e+04
 -4.889e+04 4.889e+04
 1.205e+05 -1.205e+05
 -3025 3025
 3.321e+04 -3.321e+04
 2.23e+04 -2.23e+04
 -2.36e+04 2.36e+04
 1.19e+04 -1.19e+04
 -1.303e+05 1.303e+05
 3613 -3613
 9.806e+04 -9.806e+04
 -4.068e+04 4.068e+04
 2.98e+04 -2.98e+04
 -4.045e+04 4.045e+04
 -5.103e+04 5.103e+04
 -1039 1039
 -2.269e+04 2.269e+04
 -2.116e+04 2.116e+04
 7.237e+04 -7.237e+04
 -6504 6504
 -3.73e+04 3.73e+04
 6.244e+04 -6.244e+04
 -7.567e+04 7.567e+04
 8.787e+04 -8.787e+04
 2.947e+04 -2.947e+04
 1.645e+04 -1.645e+04
 -1.263e+05 1.263e+05
 -1810 1810
 4.451e+04 -4.451e+04
 6.714e+04 -6.714e+04
 -1.003e+05 1.003e+05
 -2.308e+05 2.308e+05
 -8.494e+04 8.494e+04
 6.977e+04 -6.977e+04
 -6.165e+04 6.165e+04
 1.755e+04 -1.755e+04
 -1853 1853
 -8.315e+04 8.315e+04
 -5.776e+04 5.776e+04
 2.557e+04 -2.557e+04
 5380 -5380
 -7.379e+04 7.379e+04
 -6.223e+04 6.223e+04
 -9869 9869
 5.762e+04 -5.762e+04
 3763 -3763
 9.461e+04 -9.461e+04
 -1.833e+04 1.833e+04
 -2.169e+04 2.169e+04
 1.381e+05 -1.381e+05
 -1.938e+04 1.938e+04
 -700.6 700.6
 5.156e+04 -5.156e+04
 2.095e+04 -2.095e+04
 -2.991e+04 2.991e+04
 -1.955e+04 1.955e+04
 6.006e+04 -6.006e+04
 -5.838e+04 5.838e+04
 4620 -4620
 -4326 4326
 3.761e+04 -3.761e+04
 6.205e+04 -6.205e+04
 -6830 6830
 5.151e+04 -5.151e+04
 7657 -7657
 6067 -6067
 1.024e+04 -1.024e+04
 -1.443e+04 1.443e+04
 1.571e+04 -1.571e+04
 5.566e+04 -5.566e+04
 -8.533e+04 8.533e+04
 7.72e+04 -7.72e+04
 -2384 2384
 -4.844e+04 4.844e+04
 -8.369e+04 8.369e+04
 -682.3 682.3
 1.183e+05 -1.183e+05
 -2.495e+05 2.495e+05
 2.018e+04 -2.018e+04
 3.592e+04 -3.592e+04
 -1.848e+05 1.848e+05
 -1.96e+04 1.96e+04
 -8.686e+04 8.686e+04
 1.866e+04 -1.866e+04
 4739 -4739
 5.155e+04 -5.155e+04
 -4.366e+04 4.366e+04
 -5.684e+04 5.684e+04
 -5546 5546
 7.733e+04 -7.733e+04
 3.712e+04 -3.712e+04
 -618.9 618.9
 -1.467e+05 1.467e+05
 -2.348e+04 2.348e+04
 3.315e+04 -3.315e+04
 4.99e+04 -4.99e+04
 -2.641e+04 2.641e+04
 1.524e+04 -1.524e+04
 1.716e+04 -1.716e+04
 4.503e+04 -4.503e+04
 -1.954e+04 1.954e+04
 1.51e+05 -1.51e+05
 3.741e+04 -3.741e+04
 -4.054e+04 4.054e+04
 4.491e+04 -4.491e+04
 1.644e+04 -1.644e+04
 -1.082e+05 1.082e+05
 4.096e+04 -4.096e+04
 9.224e+04 -9.224e+04
 1.114e+04 -1.114e+04
 -3.401e+04 3.401e+04
 4744 -4744
 -7652 7652
 -6.485e+04 6.485e+04
 1.644e+04 -1.644e+04
 -965.8 965.8
 1.96e+04 -1.96e+04
 -4.621e+04 4.621e+04
 -3.95e+04 3.95e+04
 -7106 7106
 6.112e+04 -6.112e+04
 9.874e+04 -9.874e+04
 -1.948e+04 1.948e+04
 1.043e+04 -1.043e+04
 -8.535e+04 8.535e+04
 -333.8 333.8
 6243 -6243
 -2.968e+04 2.968e+04
 7.121e+04 -7.121e+04
 3.367e+04 -3.367e+04
 -2.607e+04 2.607e+04
 -4.154e+04 4.154e+04
 5.517e+04 -5.517e+04
 -5.807e+04 5.807e+04
 8499 -8499
 -1.931e+04 1.931e+04
 -7.052e+04 7.052e+04
 -9.512e+04 9.512e+04
 8.671e+04 -8.671e+04
 2.199e+04 -2.199e+04
 -2.12e+04 2.12e+04
 1.056e+05 -1.056e+05
 -6.009e+04 6.009e+04
 3.741e+04 -3.741e+04
 -5.987e+04 5.987e+04
 7412 -7412
 -5295 5295
 -3.767e+04 3.767e+04
 2.498e+04 -2.498e+04
 -5.66e+04 5.66e+04
 -5.337e+04 5.337e+04
 -2.988e+04 2.988e+04
 -2.129e+04 2.129e+04
 3.776e+04 -3.776e+04
 1.679e+05 -1.679e+05
 9046 -9046
 -3.529e+04 3.529e+04
 -7.253e+04 7.253e+04
 3.65e+04 -3.65e+04
 -4.035e+04 4.035e+04
 -1.449e+04 1.449e+04
 -2.001e+04 2.001e+04
 -5.196e+04 5.196e+04
 -7.763e+04 7.763e+04
 1.026e+05 -1.026e+05
 -1.761e+05 1.761e+05
 3.866e+04 -3.866e+04
 -2.799e+04 2.799e+04
 6.744e+04 -6.744e+04
 -966.7 966.7
 1.448e+05 -1.448e+05
 -1045 1045
 -7.287e+04 7.287e+04
 -5.331e+04 5.331e+04
 7.045e+04 -7.045e+04
 -1.84e+04 1.84e+04
 2.615e+04 -2.615e+04
 8.466e+04 -8.466e+04
 2.385e+04 -2.385e+04
 1.197e+04 -1.197e+04
 5.176e+04 -5.176e+04
 -167.8 167.8
 2.248e+04 -2.248e+04
 2.974e+04 -2.974e+04
 -1.137e+05 1.137e+05
 6306 -6306
 7.477e+04 -7.477e+04
 -323.4 323.4
 -7.5e+04 7.5e+04
 7.12e+04 -7.12e+04
 -7344 7344
 4083 -4083
 -1.019e+05 1.019e+05
 9.586e+04 -9.586e+04
 7.126e+04 -7.126e+04
 -5.928e+04 5.928e+04
 -3.29e+04 3.29e+04
 -5.092e+04 5.092e+04
 -8.843e+04 8.843e+04
 -1.059e+05 1.059e+05
 -7.919e+04 7.919e+04
 4.265e+04 -4.265e+04
 2.583e+04 -2.583e+04
 -2.245e+04 2.245e+04
 -1.193e+05 1.193e+05
 7.439e+04 -7.439e+04
 3.923e+04 -3.923e+04
 5.277e+04 -5.277e+04
 5.217e+04 -5.217e+04
 -3.344e+04 3.344e+04
 6.518e+04 -6.518e+04
 1.658e+04 -1.658e+04
 8.771e+04 -8.771e+04
 1.237e+05 -1.237e+05
 -2.15e+04 2.15e+04
 1.52e+05 -1.52e+05
 -6.455e+04 6.455e+04
 -3.098e+04 3.098e+04
 -2.443e+04 2.443e+04
 2.334e+04 -2.334e+04
 6670 -6670
 1.386e+04 -1.386e+04
 5875 -5875
 -2.024e+04 2.024e+04
 9.636e+04 -9.636e+04
 -2.043e+04 2.043e+04
 -9.51e+04 9.51e+04
 -6.52e+04 6.52e+04
 -3.455e+04 3.455e+04
 4.004e+04 -4.004e+04
 6.198e+04 -6.198e+04
 -2.922e+04 2.922e+04
 -1629 1629
 -8.687e+04 8.687e+04
 -3.602e+04 3.602e+04
 -6.605e+04 6.605e+04
 3.181e+04 -3.181e+04
 5.29e+04 -5.29e+04
 -1.892e+04 1.892e+04
 1.477e+05 -1.477e+05
 5.43e+04 -5.43e+04
 1.865e+04 -1.865e+04
 -2.634e+04 2.634e+04
 5.296e+04 -5.296e+04
 -1.088e+05 1.088e+05
 -2.644e+04 2.644e+04
 -2.182e+05 2.182e+05
 1.154e+05 -1.154e+05
 1.579e+04 -1.579e+04
 7.07e+04 -7.07e+04
 4.229e+04 -4.229e+04
 -1.146e+05 1.146e+05
 -5.225e+04 5.225e+04
 4.268e+04 -4.268e+04
 3.412e+04 -3.412e+04
 -5.823e+04 5.823e+04
 -1.418e+04 1.418e+04
 3.563e+04 -3.563e+04
 -9.158e+04 9.158e+04
 9704 -9704
 4750 -4750
 7.905e+04 -7.905e+04
 1.795e+04 -1.795e+04
 2741 -2741
 2.819e+04 -2.819e+04
 1.47e+04 -1.47e+04
 1.341e+05 -1.341e+05
 -6.492e+04 6.492e+04
 -1.144e+05 1.144e+05
 4.348e+04 -4.348e+04
 -1.887e+04 1.887e+04
 -2.238e+04 2.238e+04
 3.034e+04 -3.034e+04
 -5.727e+04 5.727e+04
 -3.539e+04 3.539e+04
 7.387e+04 -7.387e+04
 2.531e+05 -2.531e+05
 6.145e+04 -6.145e+04
 -2.699e+04 2.699e+04
 -3.337e+04 3.337e+04
 4.064e+04 -4.064e+04
 8.278e+04 -8.278e+04
 2.561e+04 -2.561e+04
 -8674 8674
 2.26e+04 -2.26e+04
 -4.401e+04 4.401e+04
 1.3e+04 -1.3e+04
 3794 -3794
 -5.273e+04 5.273e+04
 -5.569e+04 5.569e+04
 -2.927e+04 2.927e+04
 -6721 6721
 1.427e+05 -1.427e+05
 6.042e+04 -6.042e+04
 1.283e+05 -1.283e+05
 -2.023e+04 2.023e+04
 -4.767e+04 4.767e+04
 -2.872e+04 2.872e+04
 4.896e+04 -4.896e+04
 -3.499e+04 3.499e+04
 -2.95e+04 2.95e+04
 9.026e+04 -9.026e+04
 -5686 5686
 8.846e+04 -8.846e+04
 5.058e+04 -5.058e+04
 -3.901e+04 3.901e+04
 -6888 6888
 -9.118e+04 9.118e+04
 -3.646e+04 3.646e+04
 6886 -6886
 3.088e+04 -3.088e+04
 -6.559e+04 6.559e+04
 4235 -4235
 -2382 2382
 7.813e+04 -7.813e+04
 -6.768e+04 6.768e+04
 -6.139e+04 6.139e+04
 -2.303e+04 2.303e+04
 4.475e+04 -4.475e+04
 -6200 6200
 2.296e+04 -2.296e+04
 3.517e+04 -3.517e+04
 5836 -5836
 -3.681e+04 3.681e+04
 -1.482e+05 1.482e+05
 9416 -9416
 4.053e+04 -4.053e+04
 2.92e+04 -2.92e+04
 -1.977e+05 1.977e+05
 -1.493e+05 1.493e+05
 1300 -1300
 -146 146
 9.539e+04 -9.539e+04
 6.548e+04 -6.548e+04
 -1.393e+05 1.393e+05
 -1.768e+04 1.768e+04
 -6.123e+04 6.123e+04
 2.042e+04 -2.042e+04
 -4.739e+04 4.739e+04
 4.7e+04 -4.7e+04
 9.556e+04 -9.556e+04
 2.617e+04 -2.617e+04
 1.51e+05 -1.51e+05
 7.802e+04 -7.802e+04
 -4.375e+04 4.375e+04
 -721.4 721.4
 -1.245e+04 1.245e+04
 -1.579e+04 1.579e+04
 -8.29e+04 8.29e+04
 3.51e+04 -3.51e+04
 7756 -7756
 -6.838e+04 6.838e+04
 2363 -2363
 -2.918e+04 2.918e+04
 6.389e+04 -6.389e+04
 3.115e+04 -3.115e+04
 -2.725e+04 2.725e+04
 -3.645e+04 3.645e+04
 5.184e+04 -5.184e+04
 -1.63e+04 1.63e+04
 -5.209e+04 5.209e+04
 -5.5e+04 5.5e+04
 -2669 2669
 -1.891e+04 1.891e+04
 1.15e+05 -1.15e+05
 -3.803e+04 3.803e+04
 2.719e+04 -2.719e+04
 -3.058e+04 3.058e+04
 2.748e+04 -2.748e+04
 -8.1e+04 8.1e+04
 2.578e+04 -2.578e+04
 5.262e+04 -5.262e+04
 -1938 1938
 7.275e+04 -7.275e+04
 -9740 9740
 9.281e+04 -9.281e+04
 -4.157e+04 4.157e+04
 1.81e+05 -1.81e+05
 -2716 2716
 -1.861e+04 1.861e+04
 -3.05e+04 3.05e+04
 -4.445e+04 4.445e+04
 -2.291e+04 2.291e+04
 -3.398e+04 3.398e+04
 8736 -8736
 6.363e+04 -6.363e+04
 -5.622e+04 5.622e+04
 5.183e+04 -5.183e+04
 2.33e+04 -2.33e+04
 -9.014e+04 9.014e+04
 -635.2 635.2
 -1.92e+04 1.92e+04
 953.7 -953.7
 -9.289e+04 9.289e+04
 6556 -6556
 6067 -6067
 -4.509e+04 4.509e+04
 -1.232e+05 1.232e+05
 4.782e+04 -4.782e+04
 3.774e+04 -3.774e+04
 -7.4e+04 7.4e+04
 2.125e+04 -2.125e+04
 1781 -1781
 -3857 3857
 1.01e+05 -1.01e+05
 -2.235e+04 2.235e+04
 1603 -1603
 1.127e+05 -1.127e+05
 1.916e+04 -1.916e+04
 1565 -1565
 9.957e+04 -9.957e+04
 1.08e+04 -1.08e+04
 1.688e+05 -1.688e+05
 -1.482e+04 1.482e+04
 -3.017e+04 3.017e+04
 -7608 7608
 4.247e+04 -4.247e+04
 1.122e+05 -1.122e+05
 5956 -5956
 5.746e+04 -5.746e+04
 -2.101e+04 2.101e+04
 2.801e+04 -2.801e+04
 -3.291e+04 3.291e+04
 3.504e+04 -3.504e+04
 5.821e+04 -5.821e+04
 -2.494e+04 2.494e+04
 5.186e+04 -5.186e+04
 -5730 5730
 -5.893e+04 5.893e+04
 4.264e+04 -4.264e+04
 7.594e+04 -7.594e+04
 -3.936e+04 3.936e+04
 -2.695e+04 2.695e+04
 1.537e+04 -1.537e+04
 -2137 2137
 -9994 9994
 -3.987e+04 3.987e+04
 2.78e+04 -2.78e+04
 3.807e+04 -3.807e+04
 4.444e+04 -4.444e+04
 -740.3 740.3
 2.905e+04 -2.905e+04
 -1.217e+05 1.217e+05
 -653 653
 -2.519e+04 2.519e+04
 -3.826e+04 3.826e+04
 -522.7 522.7
 -6.015e+04 6.015e+04
 -5.66e+04 5.66e+04
 6244 -6244
 -1.135e+05 1.135e+05
 -2.69e+04 2.69e+04
 -2.742e+04 2.742e+04
 1.2e+05 -1.2e+05
 -1.665e+05 1.665e+05
 5.186e+04 -5.186e+04
 6.713e+04 -6.713e+04
 -8.256e+04 8.256e+04
 1.551e+04 -1.551e+04
 -1.389e+04 1.389e+04
 -1.162e+05 1.162e+05
 -9.324e+04 9.324e+04
 752.7 -752.7
 -8114 8114
 1.249e+05 -1.249e+05
 -2.46e+04 2.46e+04
 -1.553e+04 1.553e+04
 -4.242e+04 4.242e+04
 4.939e+04 -4.939e+04
 -3.244e+04 3.244e+04
 7.178e+04 -7.178e+04
 -7.806e+04 7.806e+04
 -2.097e+04 2.097e+04
 -3.618e+04 3.618e+04
 -1.167e+05 1.167e+05
 -9773 9773
 4.114e+04 -4.114e+04
 -6.135e+04 6.135e+04
 7.435e+04 -7.435e+04
 -9.231e+04 9.231e+04
 2087 -2087
 -1.126e+04 1.126e+04
 9.784e+04 -9.784e+04
 4868 -4868
 3665 -3665
 8.071e+04 -8.071e+04
 -3.511e+04 3.511e+04
 -3.249e+04 3.249e+04
 2.669e+04 -2.669e+04
 4.978e+04 -4.978e+04
 -1.607e+05 1.607e+05
 1.215e+05 -1.215e+05
 1426 -1426
 1.242e+05 -1.242e+05
 -9197 9197
 -3.919e+04 3.919e+04
 -3.741e+04 3.741e+04
 -5.751e+04 5.751e+04
 -1.639e+04 1.639e+04
 1.075e+05 -1.075e+05
 -9.876e+04 9.876e+04
 7.162e+04 -7.162e+04
 -3.617e+04 3.617e+04
 -4.3e+04 4.3e+04
 3.546e+04 -3.546e+04
 6.303e+04 -6.303e+04
 -3.496e+04 3.496e+04
 7.561e+04 -7.561e+04
 -4.023e+04 4.023e+04
 2.96e+04 -2.96e+04
 1.619e+04 -1.619e+04
 1.665e+04 -1.665e+04
 -7.813e+04 7.813e+04
 3.204e+04 -3.204e+04
 4075 -4075
 3.062e+04 -3.062e+04
 -2.705e+04 2.705e+04
 4604 -4604
 -3.134e+04 3.134e+04
 -3.62e+04 3.62e+04
 -1.435e+04 1.435e+04
 7.087e+04 -7.087e+04
 -2443 2443
 -2.566e+04 2.566e+04
 -7.207e+04 7.207e+04
 -1.843e+04 1.843e+04
 -1.06e+04 1.06e+04
 -6557 6557
 1.264e+05 -1.264e+05
 -1.592e+04 1.592e+04
 -3.943e+04 3.943e+04
 -9238 9238
 7.645e+04 -7.645e+04
 1.525e+04 -1.525e+04
 -1.244e+04 1.244e+04
 8.118e+04 -8.118e+04
 4.976e+04 -4.976e+04
 -2.365e+04 2.365e+04
 -4.138e+04 4.138e+04
 1.528e+05 -1.528e+05
 1.264e+05 -1.264e+05
 1449 -1449
 5.063e+04 -5.063e+04
 -1.792e+04 1.792e+04
 4.468e+04 -4.468e+04
 -6100 6100
 5.712e+04 -5.712e+04
 -3.665e+04 3.665e+04
 7.223e+04 -7.223e+04
 5514 -5514
 -1.001e+05 1.001e+05
 -5.822e+04 5.822e+04
 -1.641e+04 1.641e+04
 1917 -1917
 8966 -8966
 -7.725e+04 7.725e+04
 -8.362e+04 8.362e+04
 -3.669e+04 3.669e+04
 6.97e+04 -6.97e+04
 5.802e+04 -5.802e+04
 3.383e+04 -3.383e+04
 2.363e+05 -2.363e+05
 1.179e+05 -1.179e+05
 -1.081e+05 1.081e+05
 3.026e+04 -3.026e+04
 1677 -1677
 -1.283e+05 1.283e+05
 2.28e+04 -2.28e+04
 8401 -8401
 -6.291e+04 6.291e+04
 2.486e+04 -2.486e+04
 -4.993e+04 4.993e+04
 -5.381e+04 5.381e+04
 -1.182e+04 1.182e+04
 -1.651e+04 1.651e+04
 2.275e+04 -2.275e+04
 -6.469e+04 6.469e+04
 1.692e+04 -1.692e+04
 -1.527e+04 1.527e+04
 -1.641e+04 1.641e+04
 -1.355e+04 1.355e+04
 -5.394e+04 5.394e+04
 -2.167e+04 2.167e+04
 -2.475e+04 2.475e+04
 -8.377e+04 8.377e+04
 -3.874e+04 3.874e+04
 -1.186e+05 1.186e+05
 3.348e+04 -3.348e+04
 -4.573e+04 4.573e+04
 -2257 2257
 -1.256e+05 1.256e+05
 -3.14e+04 3.14e+04
 6.27e+04 -6.27e+04
 1.05e+04 -1.05e+04
 1709 -1709
 1.487e+04 -1.487e+04
 7.237e+04 -7.237e+04
 3.108e+04 -3.108e+04
 1.028e+04 -1.028e+04
 -1.111e+05 1.111e+05
 -5.671e+04 5.671e+04
 -2.878e+04 2.878e+04
 -5.461e+04 5.461e+04
 -5840 5840
 3.677e+04 -3.677e+04
 1.483e+04 -1.483e+04
 -123.7 123.7
 9.719e+04 -9.719e+04
 1.444e+05 -1.444e+05
 -1.251e+04 1.251e+04
 4.805e+04 -4.805e+04
 -7.133e+04 7.133e+04
 1.147e+05 -1.147e+05
 -2.243e+04 2.243e+04
 4.929e+04 -4.929e+04
 4.116e+04 -4.116e+04
 -1.727e+05 1.727e+05
 -3334 3334
 -1.856e+05 1.856e+05
 -3.118e+04 3.118e+04
 1.801e+04 -1.801e+04
 -6.868e+04 6.868e+04
 4.169e+04 -4.169e+04
 -3.115e+04 3.115e+04
 -5.786e+04 5.786e+04
 -6.87e+04 6.87e+04
 -2.213e+04 2.213e+04
 1.707e+04 -1.707e+04
 3.859e+04 -3.859e+04
 -7.923e+04 7.923e+04
 -9.554e+04 9.554e+04
 -1.096e+04 1.096e+04
 -3.963e+04 3.963e+04
 -7086 7086
 -6.62e+04 6.62e+04
 -4.665e+04 4.665e+04
 -5.487e+04 5.487e+04
 2.027e+04 -2.027e+04
 -1.729e+04 1.729e+04
 4.624e+04 -4.624e+04
 -1.014e+05 1.014e+05
 -3163 3163
 -4.653e+04 4.653e+04
 6.166e+04 -6.166e+04
 6.787e+04 -6.787e+04
 -1.068e+05 1.068e+05
 -3.789e+04 3.789e+04
 -7.115e+04 7.115e+04
 -1.102e+04 1.102e+04
 4.713e+04 -4.713e+04
 -7.023e+04 7.023e+04
 5.788e+04 -5.788e+04
 5.078e+04 -5.078e+04
 5.998e+04 -5.998e+04
 6305 -6305
 -5.35e+04 5.35e+04
 4.325e+04 -4.325e+04
 6.719e+04 -6.719e+04
 -8003 8003
 -2.619e+04 2.619e+04
 5990 -5990
 -1.327e+05 1.327e+05
 -2.323e+04 2.323e+04
 -4.426e+04 4.426e+04
 690.2 -690.2
 -7.218e+04 7.218e+04
 1.276e+05 -1.276e+05
 -7197 7197
 9.482e+04 -9.482e+04
 9.578e+04 -9.578e+04
 -5.762e+04 5.762e+04
 3.287e+05 -3.287e+05
 1.121e+04 -1.121e+04
 7799 -7799
 3.063e+04 -3.063e+04
 -2.473e+04 2.473e+04
 -1.153e+05 1.153e+05
 -8.562e+04 8.562e+04
 -1.282e+05 1.282e+05
 4092 -4092
 -4.209e+04 4.209e+04
 -6.713e+04 6.713e+04
 6.569e+04 -6.569e+04
 -8.19e+04 8.19e+04
 1.516e+05 -1.516e+05
 -5.288e+04 5.288e+04
 5.639e+04 -5.639e+04
 5.976e+04 -5.976e+04
 6.664e+04 -6.664e+04
 2.377e+04 -2.377e+04
 -3.711e+04 3.711e+04
 -1.174e+05 1.174e+05
 -3.075e+04 3.075e+04
 -5.361e+04 5.361e+04
 7.034e+04 -7.034e+04
 -1e+04 1e+04
 -7.912e+04 7.912e+04
 1.055e+05 -1.055e+05
 3229 -3229
 -2.775e+04 2.775e+04
 -1.063e+04 1.063e+04
 7.119e+04 -7.119e+04
 -2.413e+04 2.413e+04
 1.348e+05 -1.348e+05
 4.632e+04 -4.632e+04
 6.962e+04 -6.962e+04
 8.542e+04 -8.542e+04
 -5.987e+04 5.987e+04
 -1.015e+04 1.015e+04
 1.294e+04 -1.294e+04
 -5.505e+04 5.505e+04
 -2.297e+04 2.297e+04
 -1.076e+04 1.076e+04
 7.236e+04 -7.236e+04
 8.199e+04 -8.199e+04
 -5.216e+04 5.216e+04
 -4.16e+04 4.16e+04
 -8.328e+04 8.328e+04
 8386 -8386
 -1.531e+04 1.531e+04
 -1.409e+04 1.409e+04
 -6.723e+04 6.723e+04
 6.822e+04 -6.822e+04
 3.537e+04 -3.537e+04
 -2.535e+05 2.535e+05
 1.03e+05 -1.03e+05
 -8.882e+04 8.882e+04
 -2.265e+04 2.265e+04
 -8.852e+04 8.852e+04
 6.22e+04 -6.22e+04
 -1725 1725
 -7.499e+04 7.499e+04
 -5.267e+04 5.267e+04
 2.583e+04 -2.583e+04
 5.578e+04 -5.578e+04
 -2.926e+04 2.926e+04
 7.335e+04 -7.335e+04
 6.38e+04 -6.38e+04
 -9.741e+04 9.741e+04
 7.161e+04 -7.161e+04
 -7.097e+04 7.097e+04
 8.036e+04 -8.036e+04
 -4105 4105
 -3.833e+04 3.833e+04
 -1.147e+05 1.147e+05
 1.489e+05 -1.489e+05
 4.085e+04 -4.085e+04
 6.954e+04 -6.954e+04
 -2.538e+04 2.538e+04
 -1.115e+04 1.115e+04
 6340 -6340
 -1.609e+04 1.609e+04
 -4.613e+04 4.613e+04
 5912 -5912
 8.143e+04 -8.143e+04
 6.286e+04 -6.286e+04
 2.054e+04 -2.054e+04
 3.548e+04 -3.548e+04
 2.293e+05 -2.293e+05
 4.442e+04 -4.442e+04
 1.93 -1.93
 827.5 -827.5
 -600.1 600.1
 3.555e+04 -3.555e+04
 6.725e+04 -6.725e+04
 1.209e+05 -1.209e+05
 1.444e+05 -1.444e+05
 8027 -8027
 9877 -9877
 1.881e+04 -1.881e+04
 -2.575e+04 2.575e+04
 3803 -3803
 6.739e+04 -6.739e+04
 -1.103e+04 1.103e+04
 5.703e+04 -5.703e+04
 1.523e+04 -1.523e+04
 6.157e+04 -6.157e+04
 8.127e+04 -8.127e+04
 -1.241e+04 1.241e+04
 -5135 5135
 -1.806e+04 1.806e+04
 -902.5 902.5
 -1.96e+04 1.96e+04
 9073 -9073
 -5609 5609
 2.407e+04 -2.407e+04
 6.528e+04 -6.528e+04
 5.766e+04 -5.766e+04
 2.63e+04 -2.63e+04
 -8.596e+04 8.596e+04
 -5.661e+04 5.661e+04
 -8.239e+04 8.239e+04
 -1.949e+04 1.949e+04
 -1.683e+04 1.683e+04
 -1.46e+05 1.46e+05
 3.776e+04 -3.776e+04
 -5.764e+04 5.764e+04
 -2.275e+04 2.275e+04
 7.274e+04 -7.274e+04
 -3.568e+04 3.568e+04
 -8.998e+04 8.998e+04
 3677 -3677
 5.362e+04 -5.362e+04
 -4.556e+04 4.556e+04
 7.028e+04 -7.028e+04
 -6.928e+04 6.928e+04
 3.795e+04 -3.795e+04
 -3.573e+04 3.573e+04
 -3.299e+04 3.299e+04
 1.047e+04 -1.047e+04
 2.254e+04 -2.254e+04
 4.152e+04 -4.152e+04
 -4.855e+04 4.855e+04
 3.265e+04 -3.265e+04
 -8.212e+04 8.212e+04
 -7.146e+04 7.146e+04
 -1.099e+04 1.099e+04
 7744 -7744
 1.679e+04 -1.679e+04
 -1.413e+04 1.413e+04
 2.474e+04 -2.474e+04
 -4.29e+04 4.29e+04
 3.116e+04 -3.116e+04
 3.122e+04 -3.122e+04
 1.063e+04 -1.063e+04
 7.813e+04 -7.813e+04
 5.702e+04 -5.702e+04
 -4532 4532
 -3976 3976
 -2.786e+04 2.786e+04
 2.874e+04 -2.874e+04
 -9.398e+04 9.398e+04
 1.937e+04 -1.937e+04
 8.064e+04 -8.064e+04
 1.4e+04 -1.4e+04
 1.311e+05 -1.311e+05
 1.579e+05 -1.579e+05
 -5.208e+04 5.208e+04
 6.989e+04 -6.989e+04
 -5872 5872
 8.662e+04 -8.662e+04
 4.397e+04 -4.397e+04
 5037 -5037
 -1.849e+04 1.849e+04
 -5.437e+04 5.437e+04
 -1.412e+04 1.412e+04
 -9.239e+04 9.239e+04
 6.798e+04 -6.798e+04
 2.794e+04 -2.794e+04
 4.932e+04 -4.932e+04
 5.178e+04 -5.178e+04
 1.492e+05 -1.492e+05
 -8.892e+04 8.892e+04
 2.526e+04 -2.526e+04
 -3.047e+04 3.047e+04
 -1.177e+04 1.177e+04
 4584 -4584
 -1.984e+04 1.984e+04
 988.4 -988.4
 -9.411e+04 9.411e+04
 8499 -8499
 7.71e+04 -7.71e+04
 -5.297e+04 5.297e+04
 6350 -6350
 -1.06e+04 1.06e+04
 1.456e+05 -1.456e+05
 -3.25e+04 3.25e+04
 1.319e+05 -1.319e+05
 1.776e+04 -1.776e+04
 -9.474e+04 9.474e+04
 -4.051e+04 4.051e+04
 4.397e+04 -4.397e+04
 1.274e+05 -1.274e+05
 8.938e+04 -8.938e+04
 -1.374e+05 1.374e+05
 4.926e+04 -4.926e+04
 -2.14e+04 2.14e+04
 5.545e+04 -5.545e+04
 -1.021e+05 1.021e+05
 -5.313e+04 5.313e+04
 7349 -7349
 7.277e+04 -7.277e+04
 -3.496e+04 3.496e+04
 8875 -8875
 -1.136e+05 1.136e+05
 -3.186e+04 3.186e+04
 8458 -8458
 -4.593e+04 4.593e+04
 -2.069e+04 2.069e+04
 6.001e+04 -6.001e+04
 4.95e+04 -4.95e+04
 -6.822e+04 6.822e+04
 1.247e+05 -1.247e+05
 3513 -3513
 2.479e+04 -2.479e+04
 5.11e+04 -5.11e+04
 2.131e+04 -2.131e+04
 1407 -1407
 3.977e+04 -3.977e+04
 1028 -1028
 1.886e+04 -1.886e+04
 -3336 3336
 8127 -8127
 1.944e+04 -1.944e+04
 -6.083e+04 6.083e+04
 4054 -4054
 -4.277e+04 4.277e+04
 -4.553e+04 4.553e+04
 -5.355e+04 5.355e+04
 8.642e+04 -8.642e+04
 -8.155e+04 8.155e+04
 1663 -1663
 -8075 8075
 1.337e+05 -1.337e+05
 1373 -1373
 2.056e+04 -2.056e+04
 -1.528e+05 1.528e+05
 1.339e+05 -1.339e+05
 8.861e+04 -8.861e+04
 -1.601e+04 1.601e+04
 -4191 4191
 -1.19e+05 1.19e+05
 -1.119e+05 1.119e+05
 4.89e+04 -4.89e+04
 -3.505e+04 3.505e+04
 6.49e+04 -6.49e+04
 1.769e+05 -1.769e+05
 -4149 4149
 5493 -5493
 4.648e+04 -4.648e+04
 -4364 4364
 1.44e+04 -1.44e+04
 6.33e+04 -6.33e+04
 3.857e+04 -3.857e+04
 -2581 2581
 3.797e+04 -3.797e+04
 -9323 9323
 -8.338e+04 8.338e+04
 -5.208e+04 5.208e+04
 5.718e+04 -5.718e+04
 4.964e+04 -4.964e+04
 -3.869e+04 3.869e+04
 -4370 4370
 1.976e+04 -1.976e+04
 1.312e+04 -1.312e+04
 2.444e+04 -2.444e+04
 1.35e+05 -1.35e+05
 -1.034e+05 1.034e+05
 3.811e+04 -3.811e+04
 3.4e+04 -3.4e+04
 1.829e+04 -1.829e+04
 1820 -1820
 -1.634e+05 1.634e+05
 1.178e+04 -1.178e+04
 -6413 6413
 -5.749e+04 5.749e+04
 4.124e+04 -4.124e+04
 -1.924e+04 1.924e+04
 -2.575e+04 2.575e+04
 1.551e+05 -1.551e+05
 -8.002e+04 8.002e+04
 -3.825e+04 3.825e+04
 -6.259e+04 6.259e+04
 -5.353e+04 5.353e+04
 -8646 8646
 1.337e+04 -1.337e+04
 1.096e+04 -1.096e+04
 2.406e+04 -2.406e+04
 1.736e+04 -1.736e+04
 4.867e+04 -4.867e+04
 7.579e+04 -7.579e+04
 -3.109e+04 3.109e+04
 7.002e+04 -7.002e+04
 -4.669e+04 4.669e+04
 2.023e+04 -2.023e+04
 1.932e+04 -1.932e+04
 -1.161e+05 1.161e+05
 6.692e+04 -6.692e+04
 8531 -8531
 -1.035e+05 1.035e+05
 -9.556e+04 9.556e+04
 -6.675e+04 6.675e+04
 1894 -1894
 1.294e+04 -1.294e+04
 7913 -7913
 -5.589e+04 5.589e+04
 8228 -8228
 -2.353e+04 2.353e+04
 -3.139e+04 3.139e+04
 2.954e+04 -2.954e+04
 -4.86e+04 4.86e+04
 -6.837e+04 6.837e+04
 -354.7 354.7
 -9.523e+04 9.523e+04
 -4552 4552
 -1.723e+04 1.723e+04
 -7.665e+04 7.665e+04
 -2.486e+04 2.486e+04
 2.648e+04 -2.648e+04
 -3.415e+04 3.415e+04
 -6.116e+04 6.116e+04
 -5.769e+04 5.769e+04
 2.289e+04 -2.289e+04
 7.005e+04 -7.005e+04
 8.454e+04 -8.454e+04
 -3.262e+04 3.262e+04
 5.218e+04 -5.218e+04
 8.865e+04 -8.865e+04
 -9.465e+04 9.465e+04
 -6.708e+04 6.708e+04
 -7.355e+04 7.355e+04
 3.04e+04 -3.04e+04
 5.803e+04 -5.803e+04
 -4.074e+04 4.074e+04
 -1.129e+05 1.129e+05
 -3.151e+04 3.151e+04
 6.777e+04 -6.777e+04
 4.717e+04 -4.717e+04
 -1.094e+05 1.094e+05
 2.66e+04 -2.66e+04
 -1.804e+05 1.804e+05
 -3.105e+04 3.105e+04
 1.428e+05 -1.428e+05
 -3.874e+04 3.874e+04
 -1.878e+04 1.878e+04
 -7267 7267
 6.576e+04 -6.576e+04
 3.671e+04 -3.671e+04
 2.045e+05 -2.045e+05
 6.337e+04 -6.337e+04
 9.174e+04 -9.174e+04
 -1.153e+05 1.153e+05
 8.432e+04 -8.432e+04
 5567 -5567
 -1.595e+04 1.595e+04
 9.75e+04 -9.75e+04
 4.308e+04 -4.308e+04
 -9.503e+04 9.503e+04
 -1.195e+05 1.195e+05
 -3596 3596
 1.213e+05 -1.213e+05
 2.468e+04 -2.468e+04
 3.962e+04 -3.962e+04
 5432 -5432
 -7.152e+04 7.152e+04
 -1.428e+04 1.428e+04
 -8959 8959
 -673.1 673.1
 3.741e+04 -3.741e+04
 5.716e+04 -5.716e+04
 2.069e+05 -2.069e+05
 -1.338e+05 1.338e+05
 3.536e+04 -3.536e+04
 2.13e+04 -2.13e+04
 1.383e+04 -1.383e+04
 -1.526e+05 1.526e+05
 6.189e+04 -6.189e+04
 3.161e+04 -3.161e+04
 1.884e+04 -1.884e+04
 3.21e+04 -3.21e+04
 -9.239e+04 9.239e+04
 2.907e+04 -2.907e+04
 9244 -9244
 -2.386e+04 2.386e+04
 -1.66e+04 1.66e+04
 8.176e+04 -8.176e+04
 1223 -1223
 4.914e+04 -4.914e+04
 -2.77e+04 2.77e+04
 8.902e+04 -8.902e+04
 -4.634e+04 4.634e+04
 -1.985e+04 1.985e+04
 7.883e+04 -7.883e+04
 -5.7e+04 5.7e+04
 1.929e+04 -1.929e+04
 4.519e+04 -4.519e+04
 -1.277e+04 1.277e+04
 958.4 -958.4
 8812 -8812
 -4.126e+04 4.126e+04
 -4.181e+04 4.181e+04
 -6.607e+04 6.607e+04
 7427 -7427
 -3.717e+04 3.717e+04
 -5.016e+04 5.016e+04
 -9.734e+04 9.734e+04
 2.268e+04 -2.268e+04
 -1.807e+04 1.807e+04
 -6.677e+04 6.677e+04
 1.356e+04 -1.356e+04
 -9.275e+04 9.275e+04
 5.292e+04 -5.292e+04
 2.714e+04 -2.714e+04
 -3.429e+04 3.429e+04
 6.177e+04 -6.177e+04
 3.946e+04 -3.946e+04
 -421.2 421.2
 1.805e+04 -1.805e+04
 -6.36e+04 6.36e+04
 7.597e+04 -7.597e+04
 -1.013e+04 1.013e+04
 -3.627e+04 3.627e+04
 6.313e+04 -6.313e+04
 -4.196e+04 4.196e+04
 6499 -6499
 -1.421e+04 1.421e+04
 -2.085e+04 2.085e+04
 -1.075e+05 1.075e+05
 -2.371e+04 2.371e+04
 1.63e+05 -1.63e+05
 1.627e+04 -1.627e+04
 2.808e+04 -2.808e+04
 6.139e+04 -6.139e+04
 -1.078e+04 1.078e+04
 -1.158e+04 1.158e+04
 7.827e+04 -7.827e+04
 -9.068e+04 9.068e+04
 1.92e+04 -1.92e+04
 -5.429e+04 5.429e+04
 4.487e+04 -4.487e+04
 -7304 7304
 -546.4 546.4
 1.501e+04 -1.501e+04
 -6.56e+04 6.56e+04
 -8.802e+04 8.802e+04
 2.108e+04 -2.108e+04
 -1.157e+05 1.157e+05
 7.484e+04 -7.484e+04
 -4485 4485
 -6.366e+04 6.366e+04
 -1.135e+05 1.135e+05
 2.095e+04 -2.095e+04
 -9.755e+04 9.755e+04
 2.521e+04 -2.521e+04
 -2.223e+04 2.223e+04
 3.738e+04 -3.738e+04
 4.063e+04 -4.063e+04
 -6816 6816
 -9.621e+04 9.621e+04
 5.571e+04 -5.571e+04
 3.841e+04 -3.841e+04
 4845 -4845
 -1.558e+04 1.558e+04
 1.212e+05 -1.212e+05
 -6.436e+04 6.436e+04
 1.542e+04 -1.542e+04
 7.08e+04 -7.08e+04
 5505 -5505
 -9.504e+04 9.504e+04
 5.617e+04 -5.617e+04
 7.928e+04 -7.928e+04
 -1.761e+05 1.761e+05
 -7.285e+04 7.285e+04
 4.328e+04 -4.328e+04
 -1.92e+05 1.92e+05
 -1.108e+04 1.108e+04
 4.173e+04 -4.173e+04
 5.054e+04 -5.054e+04
 3.478e+04 -3.478e+04
 -1.176e+04 1.176e+04
 -4.592e+04 4.592e+04
 -4.235e+04 4.235e+04
 9632 -9632
 2.786e+04 -2.786e+04
 -1.909e+04 1.909e+04
 -4.934e+04 4.934e+04
 -6.656e+04 6.656e+04
 1.003e+05 -1.003e+05
 2.963e+04 -2.963e+04
 1.208e+05 -1.208e+05
 -9775 9775
 -2.197e+04 2.197e+04
 -8491 8491
 -9.274e+04 9.274e+04
 -52.51 52.51
 -7.068e+04 7.068e+04
 -1.821e+04 1.821e+04
 6.19e+04 -6.19e+04
 2.154e+04 -2.154e+04
 -4.662e+04 4.662e+04
 -1.052e+05 1.052e+05
 -3.775e+04 3.775e+04
 4071 -4071
 -9983 9983
 -1.144e+05 1.144e+05
 -3.615e+04 3.615e+04
 -1.402e+04 1.402e+04
 1113 -1113
 292.9 -292.9
 -4.75e+04 4.75e+04
 9.803e+04 -9.803e+04
 -9.405e+04 9.405e+04
 1.135e+05 -1.135e+05
 3.845e+04 -3.845e+04
 -3.021e+04 3.021e+04
 -1.233e+05 1.233e+05
 9.243e+04 -9.243e+04
 3.988e+04 -3.988e+04
 3.418e+04 -3.418e+04
 -8.12e+04 8.12e+04
 -1.022e+05 1.022e+05
 -5.263e+04 5.263e+04
 9.153e+04 -9.153e+04
 -3.823e+04 3.823e+04
 -1.863e+04 1.863e+04
 -4.172e+04 4.172e+04
 1.39e+04 -1.39e+04
 -4.899e+04 4.899e+04
 2.329e+04 -2.329e+04
 -7.585e+04 7.585e+04
 1.04e+04 -1.04e+04
 4.446e+04 -4.446e+04
 -2.422e+04 2.422e+04
 7002 -7002
 8.582e+04 -8.582e+04
 3.318e+04 -3.318e+04
 -3.983e+04 3.983e+04
 -4886 4886
 1.571e+04 -1.571e+04
 6.25e+04 -6.25e+04
 4.534e+04 -4.534e+04
 7.414e+04 -7.414e+04
 -7.407e+04 7.407e+04
 -8933 8933
 -1.156e+04 1.156e+04
 8.338e+04 -8.338e+04
 3576 -3576
 6939 -6939
 3.434e+04 -3.434e+04
 2.79e+04 -2.79e+04
 7.188e+04 -7.188e+04
 -7066 7066
 -5.541e+04 5.541e+04
 -3.739e+04 3.739e+04
 2.151e+04 -2.151e+04
 -7911 7911
 -1.496e+04 1.496e+04
 6.962e+04 -6.962e+04
 -6.567e+04 6.567e+04
 1.066e+05 -1.066e+05
 -1.655e+04 1.655e+04
 -8.162e+04 8.162e+04
 -1.279e+05 1.279e+05
 1.684e+04 -1.684e+04
 -6.387e+04 6.387e+04
 5.576e+04 -5.576e+04
 -2.283e+04 2.283e+04
 -1.633e+04 1.633e+04
 1.392e+05 -1.392e+05
 1.191e+05 -1.191e+05
 8.52e+04 -8.52e+04
 -2439 2439
 1.989e+05 -1.989e+05
 -1.418e+04 1.418e+04
 1641 -1641
 -5.209e+04 5.209e+04
 -5369 5369
 1.141e+05 -1.141e+05
 -7.397e+04 7.397e+04
 -6.485e+04 6.485e+04
 3175 -3175
 -1.538e+04 1.538e+04
 4227 -4227
 -2.146e+04 2.146e+04
 -1.389e+04 1.389e+04
 2407 -2407
 -3.771e+04 3.771e+04
 -4.551e+04 4.551e+04
 -1.067e+04 1.067e+04
 3.777e+04 -3.777e+04
 5.912e+04 -5.912e+04
 4.258e+04 -4.258e+04
 2.723e+04 -2.723e+04
 4.653e+04 -4.653e+04
 8.296e+04 -8.296e+04
 2.451e+04 -2.451e+04
 -4.046e+04 4.046e+04
 2.247e+04 -2.247e+04
 -8836 8836
 1243 -1243
 -2.314e+04 2.314e+04
 7.49e+04 -7.49e+04
 -1.719e+05 1.719e+05
 4.988e+04 -4.988e+04
 7.118e+04 -7.118e+04
 -9.28e+04 9.28e+04
 2.194e+04 -2.194e+04
 6.134e+04 -6.134e+04
 5.524e+04 -5.524e+04
 -3.616e+04 3.616e+04
 -1.661e+04 1.661e+04
 2.663e+04 -2.663e+04
 -1.09e+05 1.09e+05
 7.257e+04 -7.257e+04
 -1.313e+05 1.313e+05
 1.574e+05 -1.574e+05
 -4478 4478
 -1.356e+05 1.356e+05
 4.756e+04 -4.756e+04
 2.719e+04 -2.719e+04
 -1.4e+04 1.4e+04
 2.089e+04 -2.089e+04
 -2268 2268
 -4.317e+04 4.317e+04
 -9.444e+04 9.444e+04
 -4.045e+04 4.045e+04
 -5140 5140
 1.039e+05 -1.039e+05
 -3.994e+04 3.994e+04
 2.928e+04 -2.928e+04
 9.764e+04 -9.764e+04
 8.76e+04 -8.76e+04
 9.348e+04 -9.348e+04
 9119 -9119
 6067 -6067
 6.241e+04 -6.241e+04
 6301 -6301
 -2.299e+04 2.299e+04
 -6.712e+04 6.712e+04
 -5.999e+04 5.999e+04
 -9.686e+04 9.686e+04
 4.507e+04 -4.507e+04
 5.963e+04 -5.963e+04
 -1.828e+04 1.828e+04
 2.806e+04 -2.806e+04
 2.775e+04 -2.775e+04
 -1.642e+05 1.642e+05
 140.2 -140.2
 -5.937e+04 5.937e+04
 -2.651e+04 2.651e+04
 3292 -3292
 3.233e+04 -3.233e+04
 1.394e+04 -1.394e+04
 3.976e+04 -3.976e+04
 -6.597e+04 6.597e+04
 2.426e+05 -2.426e+05
 8.343e+04 -8.343e+04
 1.656e+04 -1.656e+04
 3.934e+04 -3.934e+04
 5.945e+04 -5.945e+04
 -8.446e+04 8.446e+04
 -2.718e+04 2.718e+04
 -4.642e+04 4.642e+04
 6.06e+04 -6.06e+04
 -4.817e+04 4.817e+04
 1.075e+05 -1.075e+05
 -1.921e+04 1.921e+04
 7.284e+04 -7.284e+04
 -1.145e+05 1.145e+05
 -8.214e+04 8.214e+04
 -1.193e+04 1.193e+04
 1.124e+04 -1.124e+04
 3.554e+04 -3.554e+04
 -7264 7264
 8.717e+04 -8.717e+04
 -1.061e+04 1.061e+04
 -2.953e+04 2.953e+04
 -8053 8053
 1.538e+04 -1.538e+04
 -5.625e+04 5.625e+04
 7.702e+04 -7.702e+04
 -1.592e+04 1.592e+04
 4.181e+04 -4.181e+04
 2.874e+04 -2.874e+04
 6828 -6828
 -3138 3138
 -842.7 842.7
 7.306e+04 -7.306e+04
 -5.094e+04 5.094e+04
 8.991e+04 -8.991e+04
 3.73e+04 -3.73e+04
 6291 -6291
 6.736e+04 -6.736e+04
 8036 -8036
 9809 -9809
 -1.1e+04 1.1e+04
 5941 -5941
 -2.03e+05 2.03e+05
 -9337 9337
 -7.322e+04 7.322e+04
 -7.18e+04 7.18e+04
 -2.712e+04 2.712e+04
 -2.653e+04 2.653e+04
 -1.52e+04 1.52e+04
 1.528e+04 -1.528e+04
 2.191e+04 -2.191e+04
 -9.554e+04 9.554e+04
 4.307e+04 -4.307e+04
 -3.583e+04 3.583e+04
 -3.796e+04 3.796e+04
 -2.171e+04 2.171e+04
 1.007e+05 -1.007e+05
 -4.608e+04 4.608e+04
 2.915e+04 -2.915e+04
 -8.359e+04 8.359e+04
 9.317e+04 -9.317e+04
 -7.343e+04 7.343e+04
 1.199e+05 -1.199e+05
 -3.134e+04 3.134e+04
 5.162e+04 -5.162e+04
 -6.075e+04 6.075e+04
 1.222e+04 -1.222e+04
 -3.332e+04 3.332e+04
 2.646e+04 -2.646e+04
 1.295e+05 -1.295e+05
 2.161e+05 -2.161e+05
 -1.23e+05 1.23e+05
 1.155e+05 -1.155e+05
 5125 -5125
 4.498e+04 -4.498e+04
 3170 -3170
 3.637e+04 -3.637e+04
 -4.156e+04 4.156e+04
 -7.723e+04 7.723e+04
 -8.884e+04 8.884e+04
 3.839e+04 -3.839e+04
 -5.262e+04 5.262e+04
 1.798e+04 -1.798e+04
 3.65e+04 -3.65e+04
 8052 -8052
 1.552e+05 -1.552e+05
 7.97e+04 -7.97e+04
 -7409 7409
 -2.004e+04 2.004e+04
 -4.057e+04 4.057e+04
 3480 -3480
 -5424 5424
 -5.018e+04 5.018e+04
 7.682e+04 -7.682e+04
 -2.023e+04 2.023e+04
 4.853e+04 -4.853e+04
 -7.189e+04 7.189e+04
 7.774e+04 -7.774e+04
 1.013e+05 -1.013e+05
 -1.066e+05 1.066e+05
 -3.486e+04 3.486e+04
 9429 -9429
 -6.279e+04 6.279e+04
 4.981e+04 -4.981e+04
 -3.951e+04 3.951e+04
 -4.974e+04 4.974e+04
 -1.819e+05 1.819e+05
 -5.976e+04 5.976e+04
 7.347e+04 -7.347e+04
 -9.293e+04 9.293e+04
 1.224e+04 -1.224e+04
 2.321e+05 -2.321e+05
 -3811 3811
 1.174e+05 -1.174e+05
 2.471e+04 -2.471e+04
 -4.252e+04 4.252e+04
 -8.452e+04 8.452e+04
 1.367e+04 -1.367e+04
 4.906e+04 -4.906e+04
 3.389e+04 -3.389e+04
 -3.296e+04 3.296e+04
 -3503 3503
 3.91e+04 -3.91e+04
 -1.004e+05 1.004e+05
 -2.912e+04 2.912e+04
 -1.689e+04 1.689e+04
 9.567e+04 -9.567e+04
 1343 -1343
 1.495e+04 -1.495e+04
 -8.729e+04 8.729e+04
 4.193e+04 -4.193e+04
 -5.651e+04 5.651e+04
 2014 -2014
 1.722e+05 -1.722e+05
 -5.171e+04 5.171e+04
 -5.587e+04 5.587e+04
 -2458 2458
 -3.419e+04 3.419e+04
 3.319e+04 -3.319e+04
 -1.443e+04 1.443e+04
 3.262e+04 -3.262e+04
 -8054 8054
 -2.721e+04 2.721e+04
 -2.644e+04 2.644e+04
 -5154 5154
 2.748e+04 -2.748e+04
 -7.072e+04 7.072e+04
 8.415e+04 -8.415e+04
 -3.323e+04 3.323e+04
 -7.144e+04 7.144e+04
 -1.113e+05 1.113e+05
 -3.991e+04 3.991e+04
 7.047e+04 -7.047e+04
 -1.802e+04 1.802e+04
 -3.556e+04 3.556e+04
 4.066e+04 -4.066e+04
 5.276e+04 -5.276e+04
 2.921e+04 -2.921e+04
 -8.011e+04 8.011e+04
 -3.814e+04 3.814e+04
 2.704e+04 -2.704e+04
 1.068e+04 -1.068e+04
 -5.669e+04 5.669e+04
 6.652e+04 -6.652e+04
 -2771 2771
 -1.371e+04 1.371e+04
 -7.647e+04 7.647e+04
 -1.523e+04 1.523e+04
 -9524 9524
 9661 -9661
 6.573e+04 -6.573e+04
 -5.008e+04 5.008e+04
 -7.56e+04 7.56e+04
 5.166e+04 -5.166e+04
 -2.138e+04 2.138e+04
 -2.887e+04 2.887e+04
 1.381e+04 -1.381e+04
 7.071e+04 -7.071e+04
 4.27e+04 -4.27e+04
 8276 -8276
 -9000 9000
 -3.159e+04 3.159e+04
 -3.97e+04 3.97e+04
 -7.804e+04 7.804e+04
 -3.751e+04 3.751e+04
 -6.291e+04 6.291e+04
 8.112e+04 -8.112e+04
 3.562e+04 -3.562e+04
 731.9 -731.9
 3.133e+04 -3.133e+04
 2.981e+04 -2.981e+04
 6.573e+04 -6.573e+04
 1.653e+05 -1.653e+05
 6.106e+04 -6.106e+04
 3.793e+04 -3.793e+04
 -6330 6330
 4.733e+04 -4.733e+04
 -5.518e+04 5.518e+04
 1.198e+05 -1.198e+05
 3.41e+04 -3.41e+04
 8.743e+04 -8.743e+04
 2.724e+04 -2.724e+04
 -8.17e+04 8.17e+04
 9.765e+04 -9.765e+04
 6.422e+04 -6.422e+04
 -4.902e+04 4.902e+04
 8.609e+04 -8.609e+04
 -7e+04 7e+04
 1.836e+05 -1.836e+05
 -3.086e+04 3.086e+04
 2.849e+04 -2.849e+04
 -1.138e+05 1.138e+05
 -3.225e+04 3.225e+04
 5.662e+04 -5.662e+04
 1.196e+05 -1.196e+05
 -1.054e+05 1.054e+05
 3.463e+04 -3.463e+04
 6964 -6964
 3.322e+04 -3.322e+04
 7.991e+04 -7.991e+04
 -1.306e+04 1.306e+04
 6.411e+04 -6.411e+04
 7.691e+04 -7.691e+04
 1279 -1279
 4.605e+04 -4.605e+04
 3.455e+04 -3.455e+04
 2.534e+04 -2.534e+04
 -4783 4783
 8.229e+04 -8.229e+04
 1.654e+04 -1.654e+04
 2.037e+04 -2.037e+04
 5.526e+04 -5.526e+04
 -1.271e+04 1.271e+04
 4.451e+04 -4.451e+04
 8.254e+04 -8.254e+04
 -3.781e+04 3.781e+04
 -4.81e+04 4.81e+04
 -7.647e+04 7.647e+04
 9009 -9009
 1.265e+05 -1.265e+05
 -5.276e+04 5.276e+04
 -8.498e+04 8.498e+04
 8.118e+04 -8.118e+04
 2.32e+04 -2.32e+04
 2.85e+04 -2.85e+04
 -4.715e+04 4.715e+04
 -1562 1562
 6.86e+04 -6.86e+04
 -3.107e+04 3.107e+04
 -841 841
 -1.923e+04 1.923e+04
 7.51e+04 -7.51e+04
 1771 -1771
 4.336e+04 -4.336e+04
 -4.667e+04 4.667e+04
 3.486e+04 -3.486e+04
 4867 -4867
 -6.236e+04 6.236e+04
 3.075e+04 -3.075e+04
 -3.924e+04 3.924e+04
 -6.2e+04 6.2e+04
 -1.122e+05 1.122e+05
 9.053e+04 -9.053e+04
 -5.567e+04 5.567e+04
 -2.136e+04 2.136e+04
 2.16e+04 -2.16e+04
 -3.431e+04 3.431e+04
 1.338e+05 -1.338e+05
 5.672e+04 -5.672e+04
 -5.859e+04 5.859e+04
 -6.044e+04 6.044e+04
 6.133e+04 -6.133e+04
 -5410 5410
 2.851e+04 -2.851e+04
 -2.855e+04 2.855e+04
 1.669e+04 -1.669e+04
 5.402e+04 -5.402e+04
 3711 -3711
 -9.989e+04 9.989e+04
 -1.065e+05 1.065e+05
 -1.213e+05 1.213e+05
 -4.334e+04 4.334e+04
 4839 -4839
 9.78e+04 -9.78e+04
 -4.131e+04 4.131e+04
 -1.919e+04 1.919e+04
 1.792e+04 -1.792e+04
 6.221e+04 -6.221e+04
 4.936e+04 -4.936e+04
 4.106e+04 -4.106e+04
 -1.168e+05 1.168e+05
 3.764e+04 -3.764e+04
 1.579e+04 -1.579e+04
 -8.886e+04 8.886e+04
 -5.508e+04 5.508e+04
 2.272e+04 -2.272e+04
 1.012e+05 -1.012e+05
 2.645e+04 -2.645e+04
 -5.629e+04 5.629e+04
 6.495e+04 -6.495e+04
 1.05e+05 -1.05e+05
 2.756e+04 -2.756e+04
 1.075e+04 -1.075e+04
 -1.028e+05 1.028e+05
 -6.535e+04 6.535e+04
 -7273 7273
 -1.299e+04 1.299e+04
 2.267e+04 -2.267e+04
 1.556e+04 -1.556e+04
 -4.821e+04 4.821e+04
 2.855e+04 -2.855e+04
 2.076e+04 -2.076e+04
 -5104 5104
 -1.368e+04 1.368e+04
 -1.024e+04 1.024e+04
 4.066e+04 -4.066e+04
 5.597e+04 -5.597e+04
 -4481 4481
 -5.244e+04 5.244e+04
 1.004e+05 -1.004e+05
 2.93e+04 -2.93e+04
 -1.064e+05 1.064e+05
 -3.685e+04 3.685e+04
 -8.695e+04 8.695e+04
 5.276e+04 -5.276e+04
 9.927e+04 -9.927e+04
 -8559 8559
 -2.145e+04 2.145e+04
 -2.569e+04 2.569e+04
 -4.701e+04 4.701e+04
 -8.484e+04 8.484e+04
 -1.281e+04 1.281e+04
 -6.57e+04 6.57e+04
 2.072e+04 -2.072e+04
 2.59e+04 -2.59e+04
 1.441e+04 -1.441e+04
 2.229e+04 -2.229e+04
 -3.796e+04 3.796e+04
 2.18e+04 -2.18e+04
 6.124e+04 -6.124e+04
 1.488e+05 -1.488e+05
 -3.385e+04 3.385e+04
 -6253 6253
 5.065e+04 -5.065e+04
 9.074e+04 -9.074e+04
 -1.554e+04 1.554e+04
 -7.993e+04 7.993e+04
 -5.461e+04 5.461e+04
 6.363e+04 -6.363e+04
 2.133e+04 -2.133e+04
 6.249e+04 -6.249e+04
 2058 -2058
 -2514 2514
 -1.387e+05 1.387e+05
 4048 -4048
 -3.203e+04 3.203e+04
 -3.492e+04 3.492e+04
 -3657 3657
 -1.682e+05 1.682e+05
 -391.3 391.3
 5.566e+04 -5.566e+04
 3.684e+04 -3.684e+04
 4.368e+04 -4.368e+04
 -5.821e+04 5.821e+04
 -8.217e+04 8.217e+04
 -1.214e+04 1.214e+04
 -7.003e+04 7.003e+04
 -8.163e+04 8.163e+04
 -1.127e+04 1.127e+04
 -5.426e+04 5.426e+04
 3361 -3361
 7.955e+04 -7.955e+04
 5.405e+04 -5.405e+04
 2.04e+04 -2.04e+04
 -2.942e+04 2.942e+04
 -8.367e+04 8.367e+04
 3.586e+04 -3.586e+04
 4.182e+04 -4.182e+04
 1.589e+04 -1.589e+04
 -1.821e+05 1.821e+05
 -2.323e+04 2.323e+04
 -2.023e+04 2.023e+04
 5418 -5418
 8.502e+04 -8.502e+04
 -4.397e+04 4.397e+04
 -1.57e+04 1.57e+04
 -1.466e+04 1.466e+04
 -1.161e+05 1.161e+05
 -1.031e+05 1.031e+05
 3.335e+04 -3.335e+04
 -4.46e+04 4.46e+04
 -1.061e+05 1.061e+05
 -3.588e+04 3.588e+04
 8.308e+04 -8.308e+04
 -7.815e+04 7.815e+04
 -5.647e+04 5.647e+04
 -5.639e+04 5.639e+04
 1.653e+04 -1.653e+04
 -1.007e+05 1.007e+05
 4.515e+04 -4.515e+04
 -6.434e+04 6.434e+04
 -8.535e+04 8.535e+04
 9.456e+04 -9.456e+04
 5.929e+04 -5.929e+04
 8.326e+04 -8.326e+04
 -3.885e+04 3.885e+04
 -1.868e+04 1.868e+04
 8.718e+04 -8.718e+04
 1201 -1201
 -1.934e+04 1.934e+04
 5.939e+04 -5.939e+04
 -1.01e+05 1.01e+05
 7.641e+04 -7.641e+04
 -6.415e+04 6.415e+04
 -1.648e+04 1.648e+04
 1.158e+05 -1.158e+05
 -3.225e+04 3.225e+04
 8.207e+04 -8.207e+04
 1863 -1863
 1.235e+05 -1.235e+05
 -1.148e+05 1.148e+05
 -4.923e+04 4.923e+04
 2.392e+04 -2.392e+04
 1.249e+05 -1.249e+05
 -3.408e+04 3.408e+04
 -1.05e+04 1.05e+04
 3.662e+04 -3.662e+04
 -1.101e+05 1.101e+05
 7.938e+04 -7.938e+04
 2.201e+04 -2.201e+04
 -5.267e+04 5.267e+04
 4.694e+04 -4.694e+04
 1.925e+04 -1.925e+04
 -2.689e+04 2.689e+04
 4443 -4443
 2.688e+04 -2.688e+04
 -5.961e+04 5.961e+04
 3.267e+04 -3.267e+04
 -6.373e+04 6.373e+04
 7.545e+04 -7.545e+04
 -7.943e+04 7.943e+04
 9.297e+04 -9.297e+04
 -5.413e+04 5.413e+04
 -3.058e+04 3.058e+04
 846.5 -846.5
 2313 -2313
 -6.72e+04 6.72e+04
 3.727e+04 -3.727e+04
 1.652e+04 -1.652e+04
 2.64e+04 -2.64e+04
 -5156 5156
 9210 -9210
 6.541e+04 -6.541e+04
 2.407e+04 -2.407e+04
 2.876e+04 -2.876e+04
 -3.232e+04 3.232e+04
 -3.42e+04 3.42e+04
 1.489e+05 -1.489e+05
 -1.33e+04 1.33e+04
 5.63e+04 -5.63e+04
 -7402 7402
 -1.705e+04 1.705e+04
 4.549e+04 -4.549e+04
 4.761e+04 -4.761e+04
 9.733e+04 -9.733e+04
 -1.019e+05 1.019e+05
 -9.458e+04 9.458e+04
 -7.609e+04 7.609e+04
 -7490 7490
 -2037 2037
 6.605e+04 -6.605e+04
 1.168e+04 -1.168e+04
 6.039e+04 -6.039e+04
 1.008e+05 -1.008e+05
 -7.565e+04 7.565e+04
 2.837e+04 -2.837e+04
 1.084e+05 -1.084e+05
 -5.64e+04 5.64e+04
 -773.2 773.2
 -4.708e+04 4.708e+04
 -1.544e+05 1.544e+05
 4.184e+04 -4.184e+04
 4.917e+04 -4.917e+04
 -202.6 202.6
 -8.817e+04 8.817e+04
 1.255e+05 -1.255e+05
 -4.762e+04 4.762e+04
 -3.728e+04 3.728e+04
 8687 -8687
 4.602e+04 -4.602e+04
 -5972 5972
 8873 -8873
 -9.656e+04 9.656e+04
 -4435 4435
 7.817e+04 -7.817e+04
 -4.064e+04 4.064e+04
 8.58e+04 -8.58e+04
 5701 -5701
 1087 -1087
 1.212e+04 -1.212e+04
 1.492e+05 -1.492e+05
 -1.788e+04 1.788e+04
 2.56e+04 -2.56e+04
 9.019e+04 -9.019e+04
 -9.121e+04 9.121e+04
 -3.117e+04 3.117e+04
 2.558e+04 -2.558e+04
 -7729 7729
 7.184e+04 -7.184e+04
 1.235e+04 -1.235e+04
 2.853e+04 -2.853e+04
 -6.234e+04 6.234e+04
 -4.024e+04 4.024e+04
 -6.296e+04 6.296e+04
 -5.226e+04 5.226e+04
 -4.948e+04 4.948e+04
 -7.815e+04 7.815e+04
 -2.974e+04 2.974e+04
 8.387e+04 -8.387e+04
 1.995e+05 -1.995e+05
 1.073e+05 -1.073e+05
 -9.535e+04 9.535e+04
 -3826 3826
 -4.3e+04 4.3e+04
 4.376e+04 -4.376e+04
 7.522e+04 -7.522e+04
 1.021e+05 -1.021e+05
 -3.368e+04 3.368e+04
 1.849e+04 -1.849e+04
 6.487e+04 -6.487e+04
 6987 -6987
 -1.421e+04 1.421e+04
 -2.162e+05 2.162e+05
 -9.613e+04 9.613e+04
 -7.627e+04 7.627e+04
 2.598e+04 -2.598e+04
 -7.413e+04 7.413e+04
 274.1 -274.1
 -2.263e+04 2.263e+04
 2.275e+04 -2.275e+04
 -9.762e+04 9.762e+04
 4.319e+04 -4.319e+04
 -6.858e+04 6.858e+04
 -8921 8921
 2.529e+04 -2.529e+04
 9238 -9238
 9.183e+04 -9.183e+04
 1.054e+04 -1.054e+04
 3.614e+04 -3.614e+04
 -341.1 341.1
 -2.107e+04 2.107e+04
 1.641e+04 -1.641e+04
 -1.586e+04 1.586e+04
 7.834e+04 -7.834e+04
 6.332e+04 -6.332e+04
 -2.882e+04 2.882e+04
 -5.536e+04 5.536e+04
 -2.246e+04 2.246e+04
 7042 -7042
 -9.05e+04 9.05e+04
 -3.177e+04 3.177e+04
 -8.127e+04 8.127e+04
 1.758e+04 -1.758e+04
 2.459e+04 -2.459e+04
 -1.456e+04 1.456e+04
 7.402e+04 -7.402e+04
 6651 -6651
 -4.786e+04 4.786e+04
 -2.891e+04 2.891e+04
 1.302e+04 -1.302e+04
 -1930 1930
 3503 -3503
 -9.835e+04 9.835e+04
 -3.381e+04 3.381e+04
 -1.642e+04 1.642e+04
 -3.616e+04 3.616e+04
 -8.089e+04 8.089e+04
 7.857e+04 -7.857e+04
 5942 -5942
 -5.421e+04 5.421e+04
 -6.079e+04 6.079e+04
 -3.974e+04 3.974e+04
 2.101e+04 -2.101e+04
 -3.991e+04 3.991e+04
 6.62e+04 -6.62e+04
 -5.769e+04 5.769e+04
 -1.258e+05 1.258e+05
 -6.545e+04 6.545e+04
 -5.194e+04 5.194e+04
 1.445e+05 -1.445e+05
 -2.266e+04 2.266e+04
 -1.628e+04 1.628e+04
 -5.181e+04 5.181e+04
 5.491e+04 -5.491e+04
 1.34e+05 -1.34e+05
 -4.923e+04 4.923e+04
 8468 -8468
 2.766e+04 -2.766e+04
 -3.852e+04 3.852e+04
 9.494e+04 -9.494e+04
 4.324e+04 -4.324e+04
 -1.594e+05 1.594e+05
 7.899e+04 -7.899e+04
 -4.735e+04 4.735e+04
 -6807 6807
 -2.779e+04 2.779e+04
 -6.151e+04 6.151e+04
 -3.89e+04 3.89e+04
 -7.408e+04 7.408e+04
 1.042e+05 -1.042e+05
 -7.622e+04 7.622e+04
 1.394e+04 -1.394e+04
 9.49e+04 -9.49e+04
 -1.65e+04 1.65e+04
 -8.23e+04 8.23e+04
 6.832e+04 -6.832e+04
 -9.25e+04 9.25e+04
 -4.888e+04 4.888e+04
 7.103e+04 -7.103e+04
 -6.478e+04 6.478e+04
 -1.669e+04 1.669e+04


