# Created by Octave 6.2.0, Fri Sep 24 22:31:37 2021 CEST <adrianvazquezbarrera@Adrians-MacBook-Pro.local>
# name: w
# type: matrix
# rows: 101
# columns: 20
 -6.185e+09 -6.185e+09 -6.185e+09 -6.185e+09 -6.185e+09 -6.185e+09 -6.185e+09 -6.185e+09 -6.185e+09 -6.185e+09 -6.185e+09 -6.185e+09 -6.185e+09 -6.185e+09 -6.185e+09 -6.185e+09 -6.185e+09 -6.185e+09 -6.185e+09 -6.185e+09
 -7.073e+08 -7.073e+08 -7.073e+08 -7.073e+08 -7.073e+08 -7.073e+08 -7.073e+08 -7.073e+08 -7.073e+08 -7.073e+08 -7.073e+08 -7.073e+08 -7.074e+08 -7.073e+08 -7.073e+08 -7.073e+08 -7.073e+08 -7.073e+08 -7.072e+08 -7.074e+08
 -1.308e+08 -1.309e+08 -1.308e+08 -1.307e+08 -1.308e+08 -1.308e+08 -1.308e+08 -1.308e+08 -1.308e+08 -1.308e+08 -1.307e+08 -1.306e+08 -1.307e+08 -1.308e+08 -1.308e+08 -1.308e+08 -1.307e+08 -1.307e+08 -1.308e+08 -1.308e+08
 -1.638e+08 -1.641e+08 -1.642e+08 -1.639e+08 -1.638e+08 -1.658e+08 -1.638e+08 -1.638e+08 -1.638e+08 -1.638e+08 -1.638e+08 -1.638e+08 -1.638e+08 -1.638e+08 -1.638e+08 -1.638e+08 -1.636e+08 -1.638e+08 -1.638e+08 -1.638e+08
 -1.388e+07 -1.393e+07 -1.389e+07 -1.387e+07 -1.387e+07 -1.387e+07 -1.39e+07 -1.393e+07 -1.384e+07 -1.387e+07 -1.384e+07 -1.387e+07 -1.392e+07 -1.391e+07 -1.389e+07 -1.389e+07 -1.393e+07 -1.36e+07 -1.382e+07 -1.384e+07
 -6.372e+08 -6.372e+08 -6.372e+08 -6.373e+08 -6.372e+08 -6.373e+08 -6.373e+08 -6.373e+08 -6.373e+08 -6.373e+08 -6.372e+08 -6.372e+08 -6.373e+08 -6.373e+08 -6.373e+08 -6.373e+08 -6.373e+08 -6.372e+08 -6.372e+08 -6.373e+08
 -2.612e+08 -2.612e+08 -2.612e+08 -2.612e+08 -2.612e+08 -2.612e+08 -2.612e+08 -2.612e+08 -2.612e+08 -2.612e+08 -2.612e+08 -2.612e+08 -2.612e+08 -2.612e+08 -2.612e+08 -2.612e+08 -2.612e+08 -2.612e+08 -2.613e+08 -2.613e+08
 -7.61e+06 -7.36e+06 -7.42e+06 -7.37e+06 -7.4e+06 -8.11e+06 -7.46e+06 -7.51e+06 -7.51e+06 -7.54e+06 -7.52e+06 -7.51e+06 -7.47e+06 -7.53e+06 -7.49e+06 -7.32e+06 -7.68e+06 -7.06e+06 -7.22e+06 -7.24e+06
 -8.17e+06 -8.29e+06 -8.09e+06 -8.19e+06 -8.95e+06 -8.57e+06 -8.12e+06 -8.15e+06 -8.17e+06 -8.22e+06 -8.18e+06 -7.79e+06 -8.39e+06 -8.3e+06 -7.92e+06 -8.4e+06 -8.16e+06 -8.29e+06 -8.51e+06 -8.36e+06
 -1.724e+08 -1.725e+08 -1.724e+08 -1.725e+08 -1.724e+08 -1.725e+08 -1.724e+08 -1.724e+08 -1.724e+08 -1.724e+08 -1.724e+08 -1.724e+08 -1.724e+08 -1.724e+08 -1.724e+08 -1.724e+08 -1.724e+08 -1.724e+08 -1.724e+08 -1.724e+08
 -3.55e+06 -3.36e+06 -3.36e+06 -3.84e+06 -3.49e+06 -3.38e+06 -3.35e+06 -3.53e+06 -3.51e+06 -3.4e+06 -3.44e+06 -3.17e+06 -4.16e+06 -3.55e+06 -3.58e+06 -3.39e+06 -3.23e+06 -3.51e+06 -3.31e+06 -3.5e+06
 -2.868e+08 -2.868e+08 -2.868e+08 -2.867e+08 -2.868e+08 -2.868e+08 -2.868e+08 -2.868e+08 -2.868e+08 -2.868e+08 -2.868e+08 -2.868e+08 -2.868e+08 -2.868e+08 -2.868e+08 -2.869e+08 -2.867e+08 -2.867e+08 -2.867e+08 -2.867e+08
 -6.735e+07 -6.736e+07 -6.736e+07 -6.737e+07 -6.736e+07 -6.735e+07 -6.738e+07 -6.734e+07 -6.737e+07 -6.73e+07 -6.726e+07 -6.737e+07 -6.729e+07 -6.734e+07 -6.737e+07 -6.737e+07 -6.736e+07 -6.736e+07 -6.735e+07 -6.735e+07
 -5.09e+07 -5.019e+07 -5.126e+07 -5.311e+07 -5.106e+07 -4.95e+07 -5.093e+07 -5.094e+07 -5.096e+07 -5.096e+07 -5.096e+07 -5.105e+07 -5.097e+07 -5.091e+07 -5.097e+07 -5.095e+07 -5.1e+07 -5.092e+07 -5.113e+07 -5.061e+07
 -1.547e+08 -1.545e+08 -1.546e+08 -1.542e+08 -1.544e+08 -1.549e+08 -1.544e+08 -1.547e+08 -1.547e+08 -1.547e+08 -1.547e+08 -1.547e+08 -1.546e+08 -1.547e+08 -1.547e+08 -1.547e+08 -1.547e+08 -1.547e+08 -1.546e+08 -1.547e+08
 -2.894e+08 -2.894e+08 -2.894e+08 -2.894e+08 -2.894e+08 -2.894e+08 -2.894e+08 -2.894e+08 -2.894e+08 -2.894e+08 -2.894e+08 -2.894e+08 -2.894e+08 -2.895e+08 -2.894e+08 -2.896e+08 -2.894e+08 -2.895e+08 -2.894e+08 -2.893e+08
 -3.551e+08 -3.552e+08 -3.552e+08 -3.551e+08 -3.552e+08 -3.552e+08 -3.551e+08 -3.551e+08 -3.552e+08 -3.551e+08 -3.552e+08 -3.551e+08 -3.551e+08 -3.552e+08 -3.552e+08 -3.552e+08 -3.551e+08 -3.551e+08 -3.55e+08 -3.551e+08
 -1.685e+08 -1.685e+08 -1.685e+08 -1.685e+08 -1.685e+08 -1.684e+08 -1.685e+08 -1.685e+08 -1.685e+08 -1.685e+08 -1.685e+08 -1.685e+08 -1.685e+08 -1.685e+08 -1.685e+08 -1.685e+08 -1.683e+08 -1.685e+08 -1.685e+08 -1.684e+08
 -1.812e+08 -1.812e+08 -1.812e+08 -1.812e+08 -1.812e+08 -1.812e+08 -1.812e+08 -1.812e+08 -1.812e+08 -1.812e+08 -1.812e+08 -1.812e+08 -1.812e+08 -1.812e+08 -1.812e+08 -1.812e+08 -1.812e+08 -1.81e+08 -1.813e+08 -1.812e+08
 -7.287e+08 -7.287e+08 -7.287e+08 -7.287e+08 -7.287e+08 -7.287e+08 -7.287e+08 -7.287e+08 -7.287e+08 -7.287e+08 -7.287e+08 -7.287e+08 -7.287e+08 -7.286e+08 -7.287e+08 -7.288e+08 -7.287e+08 -7.287e+08 -7.287e+08 -7.286e+08
 -4.741e+08 -4.743e+08 -4.743e+08 -4.743e+08 -4.743e+08 -4.743e+08 -4.743e+08 -4.743e+08 -4.743e+08 -4.743e+08 -4.743e+08 -4.743e+08 -4.743e+08 -4.744e+08 -4.743e+08 -4.742e+08 -4.743e+08 -4.743e+08 -4.743e+08 -4.741e+08
 -3.936e+08 -3.936e+08 -3.936e+08 -3.936e+08 -3.936e+08 -3.936e+08 -3.936e+08 -3.936e+08 -3.936e+08 -3.936e+08 -3.936e+08 -3.936e+08 -3.936e+08 -3.935e+08 -3.936e+08 -3.935e+08 -3.936e+08 -3.936e+08 -3.936e+08 -3.935e+08
 -2.958e+08 -2.959e+08 -2.959e+08 -2.959e+08 -2.957e+08 -2.959e+08 -2.958e+08 -2.959e+08 -2.958e+08 -2.958e+08 -2.958e+08 -2.958e+08 -2.958e+08 -2.957e+08 -2.959e+08 -2.959e+08 -2.958e+08 -2.958e+08 -2.959e+08 -2.957e+08
 -3.03e+08 -3.03e+08 -3.03e+08 -3.03e+08 -3.03e+08 -3.03e+08 -3.03e+08 -3.03e+08 -3.03e+08 -3.03e+08 -3.03e+08 -3.031e+08 -3.03e+08 -3.03e+08 -3.029e+08 -3.031e+08 -3.03e+08 -3.03e+08 -3.03e+08 -3.031e+08
 -8.273e+08 -8.272e+08 -8.273e+08 -8.273e+08 -8.273e+08 -8.273e+08 -8.273e+08 -8.273e+08 -8.272e+08 -8.273e+08 -8.273e+08 -8.273e+08 -8.272e+08 -8.273e+08 -8.273e+08 -8.273e+08 -8.273e+08 -8.273e+08 -8.273e+08 -8.273e+08
 -6.726e+07 -6.727e+07 -6.727e+07 -6.721e+07 -6.729e+07 -6.726e+07 -6.726e+07 -6.724e+07 -6.727e+07 -6.715e+07 -6.723e+07 -6.726e+07 -6.728e+07 -6.727e+07 -6.728e+07 -6.725e+07 -6.729e+07 -6.727e+07 -6.722e+07 -6.723e+07
 -2.991e+07 -2.994e+07 -2.995e+07 -2.995e+07 -2.992e+07 -2.998e+07 -2.994e+07 -2.993e+07 -2.994e+07 -2.977e+07 -2.98e+07 -2.993e+07 -2.989e+07 -2.992e+07 -2.988e+07 -2.993e+07 -2.991e+07 -2.991e+07 -2.995e+07 -2.993e+07
 -9.367e+08 -9.367e+08 -9.366e+08 -9.367e+08 -9.367e+08 -9.367e+08 -9.367e+08 -9.367e+08 -9.367e+08 -9.367e+08 -9.367e+08 -9.367e+08 -9.366e+08 -9.366e+08 -9.367e+08 -9.366e+08 -9.367e+08 -9.367e+08 -9.366e+08 -9.366e+08
 -2.815e+08 -2.816e+08 -2.816e+08 -2.815e+08 -2.815e+08 -2.815e+08 -2.816e+08 -2.816e+08 -2.816e+08 -2.816e+08 -2.815e+08 -2.816e+08 -2.816e+08 -2.816e+08 -2.816e+08 -2.816e+08 -2.817e+08 -2.816e+08 -2.816e+08 -2.816e+08
 -6.561e+08 -6.561e+08 -6.562e+08 -6.56e+08 -6.563e+08 -6.563e+08 -6.562e+08 -6.561e+08 -6.562e+08 -6.562e+08 -6.562e+08 -6.562e+08 -6.561e+08 -6.561e+08 -6.562e+08 -6.562e+08 -6.562e+08 -6.562e+08 -6.562e+08 -6.561e+08
 -7.567e+08 -7.567e+08 -7.567e+08 -7.567e+08 -7.567e+08 -7.567e+08 -7.567e+08 -7.567e+08 -7.567e+08 -7.566e+08 -7.567e+08 -7.567e+08 -7.568e+08 -7.566e+08 -7.567e+08 -7.567e+08 -7.567e+08 -7.567e+08 -7.567e+08 -7.567e+08
 -1.328e+08 -1.328e+08 -1.328e+08 -1.328e+08 -1.328e+08 -1.328e+08 -1.328e+08 -1.328e+08 -1.328e+08 -1.328e+08 -1.328e+08 -1.328e+08 -1.328e+08 -1.328e+08 -1.328e+08 -1.328e+08 -1.326e+08 -1.327e+08 -1.327e+08 -1.327e+08
 -9.698e+07 -9.699e+07 -9.705e+07 -9.697e+07 -9.695e+07 -9.699e+07 -9.696e+07 -9.7e+07 -9.697e+07 -9.69e+07 -9.696e+07 -9.697e+07 -9.7e+07 -9.7e+07 -9.697e+07 -9.699e+07 -9.702e+07 -9.697e+07 -9.7e+07 -9.698e+07
 -1.322e+08 -1.318e+08 -1.318e+08 -1.318e+08 -1.317e+08 -1.318e+08 -1.318e+08 -1.317e+08 -1.318e+08 -1.317e+08 -1.317e+08 -1.318e+08 -1.318e+08 -1.317e+08 -1.317e+08 -1.313e+08 -1.316e+08 -1.318e+08 -1.317e+08 -1.314e+08
 -3.565e+08 -3.565e+08 -3.566e+08 -3.565e+08 -3.565e+08 -3.565e+08 -3.565e+08 -3.565e+08 -3.565e+08 -3.565e+08 -3.565e+08 -3.565e+08 -3.565e+08 -3.565e+08 -3.565e+08 -3.565e+08 -3.565e+08 -3.565e+08 -3.565e+08 -3.564e+08
 -2.461e+07 -2.472e+07 -2.468e+07 -2.468e+07 -2.454e+07 -2.474e+07 -2.452e+07 -2.466e+07 -2.455e+07 -2.431e+07 -2.456e+07 -2.463e+07 -2.461e+07 -2.454e+07 -2.456e+07 -2.456e+07 -2.46e+07 -2.457e+07 -2.463e+07 -2.451e+07
 -6.835e+07 -6.836e+07 -6.843e+07 -6.836e+07 -6.822e+07 -6.862e+07 -6.787e+07 -6.834e+07 -6.833e+07 -6.836e+07 -6.834e+07 -6.841e+07 -6.834e+07 -6.833e+07 -6.835e+07 -6.834e+07 -6.834e+07 -6.834e+07 -6.837e+07 -6.841e+07
 -1.198e+08 -1.198e+08 -1.198e+08 -1.198e+08 -1.198e+08 -1.197e+08 -1.198e+08 -1.197e+08 -1.198e+08 -1.198e+08 -1.198e+08 -1.197e+08 -1.198e+08 -1.198e+08 -1.198e+08 -1.198e+08 -1.198e+08 -1.198e+08 -1.198e+08 -1.198e+08
 -5.8e+05 -4.9e+05 -5e+05 -5.8e+05 -5.4e+05 -5.6e+05 -5.2e+05 -4.9e+05 -5.7e+05 -4.9e+05 -5.1e+05 -4.8e+05 -4.5e+05 -5.1e+05 -7.6e+05 -5.3e+05 -4e+05 5.5e+05 -3.7e+05 -3.4e+05
 -5.3e+05 -2.8e+05 -3.3e+05 -2.9e+05 -2.9e+05 -1.33e+06 -3e+05 -5.4e+05 -3.7e+05 -6.5e+05 -3e+04 -3.3e+05 -2.7e+05 -3e+05 -3.2e+05 -5.7e+05 -7.6e+05 -3.1e+05 -2.5e+05 -2.4e+05
 -2.269e+08 -2.268e+08 -2.269e+08 -2.27e+08 -2.269e+08 -2.268e+08 -2.269e+08 -2.27e+08 -2.269e+08 -2.27e+08 -2.269e+08 -2.270e+08 -2.269e+08 -2.269e+08 -2.267e+08 -2.27e+08 -2.268e+08 -2.269e+08 -2.27e+08 -2.27e+08
 -3.94e+07 -3.943e+07 -3.942e+07 -3.944e+07 -3.942e+07 -3.943e+07 -3.945e+07 -3.939e+07 -3.943e+07 -3.929e+07 -3.937e+07 -3.942e+07 -3.946e+07 -3.939e+07 -3.941e+07 -3.94e+07 -3.943e+07 -3.942e+07 -3.947e+07 -3.94e+07
 -2.865e+08 -2.865e+08 -2.865e+08 -2.865e+08 -2.865e+08 -2.865e+08 -2.865e+08 -2.861e+08 -2.868e+08 -2.866e+08 -2.866e+08 -2.865e+08 -2.866e+08 -2.866e+08 -2.865e+08 -2.866e+08 -2.865e+08 -2.866e+08 -2.866e+08 -2.866e+08
 -1.361e+09 -1.361e+09 -1.361e+09 -1.361e+09 -1.361e+09 -1.361e+09 -1.361e+09 -1.361e+09 -1.361e+09 -1.361e+09 -1.361e+09 -1.361e+09 -1.361e+09 -1.361e+09 -1.361e+09 -1.36e+09 -1.361e+09 -1.361e+09 -1.361e+09 -1.361e+09
 -2.008e+08 -2.007e+08 -2.007e+08 -2.007e+08 -2.007e+08 -2.007e+08 -2.007e+08 -2.007e+08 -2.007e+08 -2.007e+08 -2.007e+08 -2.007e+08 -2.007e+08 -2.007e+08 -2.007e+08 -2.006e+08 -2.007e+08 -2.007e+08 -2.007e+08 -2.007e+08
 -2.464e+08 -2.463e+08 -2.464e+08 -2.464e+08 -2.463e+08 -2.464e+08 -2.464e+08 -2.464e+08 -2.464e+08 -2.463e+08 -2.463e+08 -2.464e+08 -2.464e+08 -2.463e+08 -2.464e+08 -2.463e+08 -2.464e+08 -2.464e+08 -2.463e+08 -2.464e+08
 -1.828e+07 -2.072e+07 -1.877e+07 -1.819e+07 -1.848e+07 -1.847e+07 -1.838e+07 -1.828e+07 -1.827e+07 -1.829e+07 -1.828e+07 -1.769e+07 -1.795e+07 -1.824e+07 -1.831e+07 -1.809e+07 -1.8e+07 -1.826e+07 -1.824e+07 -1.823e+07
 -4.936e+09 -4.936e+09 -4.936e+09 -4.936e+09 -4.936e+09 -4.936e+09 -4.936e+09 -4.936e+09 -4.936e+09 -4.936e+09 -4.936e+09 -4.936e+09 -4.936e+09 -4.936e+09 -4.936e+09 -4.936e+09 -4.936e+09 -4.936e+09 -4.936e+09 -4.936e+09
 1.2e+06 -6.3e+05 -6.6e+05 -7e+05 -1.21e+06 -9.1e+05 -6.8e+05 -9.3e+05 -7.5e+05 -7.2e+05 -8.1e+05 -6.6e+05 -6.4e+05 -2.34e+06 -8.5e+05 -2.51e+06 -9.1e+05 -8.8e+05 -1.34e+06 1.3e+06
 -2.98e+06 -3.57e+06 -3.45e+06 -3.26e+06 -3.07e+06 -4.33e+06 -3.16e+06 -3.16e+06 -3.17e+06 -3.15e+06 -3.13e+06 -3.12e+06 -3.37e+06 -3.41e+06 -2.88e+06 -3.19e+06 -4.37e+06 -3.2e+06 -3.33e+06 -3.15e+06
 -1.712e+08 -1.712e+08 -1.711e+08 -1.711e+08 -1.711e+08 -1.712e+08 -1.712e+08 -1.711e+08 -1.711e+08 -1.712e+08 -1.712e+08 -1.711e+08 -1.711e+08 -1.712e+08 -1.712e+08 -1.71e+08 -1.712e+08 -1.711e+08 -1.712e+08 -1.711e+08
 -5.36e+06 -5.39e+06 -5.38e+06 -5.34e+06 -5.36e+06 -5.36e+06 -5.38e+06 -5.36e+06 -5.35e+06 -5.39e+06 -5.36e+06 -5.36e+06 -5.39e+06 -5.36e+06 -5.38e+06 -5.35e+06 -5.41e+06 -5.26e+06 -5.38e+06 -5.46e+06
 -4.5e+06 -2.23e+06 -2.2e+06 -2.2e+06 -2.25e+06 -2.31e+06 -2.21e+06 -2.2e+06 -2.17e+06 -2.19e+06 -2.21e+06 -2.16e+06 -2.16e+06 -2.23e+06 -2.14e+06 8.3e+06 -2.27e+06 -2.21e+06 -2.18e+06 -6.69e+06
 -3.626e+08 -3.628e+08 -3.628e+08 -3.628e+08 -3.628e+08 -3.628e+08 -3.628e+08 -3.627e+08 -3.628e+08 -3.627e+08 -3.628e+08 -3.628e+08 -3.628e+08 -3.628e+08 -3.628e+08 -3.628e+08 -3.628e+08 -3.628e+08 -3.627e+08 -3.628e+08
 -7.676e+07 -7.667e+07 -7.664e+07 -7.661e+07 -7.66e+07 -7.656e+07 -7.661e+07 -7.662e+07 -7.664e+07 -7.661e+07 -7.659e+07 -7.666e+07 -7.663e+07 -7.661e+07 -7.659e+07 -7.637e+07 -7.656e+07 -7.667e+07 -7.668e+07 -7.636e+07
 -3.792e+08 -3.792e+08 -3.792e+08 -3.792e+08 -3.792e+08 -3.792e+08 -3.792e+08 -3.792e+08 -3.792e+08 -3.792e+08 -3.792e+08 -3.792e+08 -3.792e+08 -3.792e+08 -3.792e+08 -3.791e+08 -3.792e+08 -3.792e+08 -3.792e+08 -3.792e+08
 -2.938e+08 -2.939e+08 -2.939e+08 -2.939e+08 -2.939e+08 -2.939e+08 -2.939e+08 -2.939e+08 -2.939e+08 -2.939e+08 -2.939e+08 -2.939e+08 -2.94e+08 -2.939e+08 -2.939e+08 -2.939e+08 -2.939e+08 -2.939e+08 -2.939e+08 -2.939e+08
 -5.082e+08 -5.081e+08 -5.081e+08 -5.081e+08 -5.085e+08 -5.082e+08 -5.082e+08 -5.082e+08 -5.082e+08 -5.082e+08 -5.082e+08 -5.082e+08 -5.082e+08 -5.082e+08 -5.083e+08 -5.082e+08 -5.083e+08 -5.082e+08 -5.082e+08 -5.082e+08
 -5.258e+07 -5.286e+07 -5.285e+07 -5.29e+07 -5.283e+07 -5.285e+07 -5.284e+07 -5.285e+07 -5.283e+07 -5.284e+07 -5.283e+07 -5.286e+07 -5.281e+07 -5.283e+07 -5.283e+07 -5.278e+07 -5.289e+07 -5.268e+07 -5.299e+07 -5.295e+07
 -1.847e+07 -1.84e+07 -1.835e+07 -1.84e+07 -1.847e+07 -1.835e+07 -1.833e+07 -1.828e+07 -1.828e+07 -1.836e+07 -1.84e+07 -1.838e+07 -1.838e+07 -1.838e+07 -1.834e+07 -1.839e+07 -1.838e+07 -1.836e+07 -1.837e+07 -1.838e+07
 -3.143e+07 -3.132e+07 -3.177e+07 -3.161e+07 -3.205e+07 -3.216e+07 -3.167e+07 -3.164e+07 -3.163e+07 -3.165e+07 -3.165e+07 -3.138e+07 -3.167e+07 -3.162e+07 -3.148e+07 -3.189e+07 -3.253e+07 -3.165e+07 -3.163e+07 -3.163e+07
 -2.744e+08 -2.746e+08 -2.746e+08 -2.746e+08 -2.745e+08 -2.746e+08 -2.745e+08 -2.746e+08 -2.746e+08 -2.746e+08 -2.745e+08 -2.746e+08 -2.745e+08 -2.746e+08 -2.746e+08 -2.745e+08 -2.746e+08 -2.746e+08 -2.746e+08 -2.745e+08
 -8.61e+06 -8.87e+06 -8.84e+06 -8.72e+06 -8.8e+06 -9.17e+06 -8.84e+06 -8.72e+06 -8.68e+06 -8.64e+06 -8.57e+06 -8.7e+06 -8.83e+06 -8.81e+06 -8.91e+06 -8.81e+06 -8.78e+06 -8.71e+06 -8.76e+06 -8.76e+06
 -2.687e+08 -2.687e+08 -2.685e+08 -2.687e+08 -2.686e+08 -2.685e+08 -2.686e+08 -2.686e+08 -2.686e+08 -2.686e+08 -2.686e+08 -2.687e+08 -2.687e+08 -2.686e+08 -2.686e+08 -2.687e+08 -2.686e+08 -2.686e+08 -2.687e+08 -2.687e+08
 -7.155e+08 -7.154e+08 -7.154e+08 -7.153e+08 -7.155e+08 -7.154e+08 -7.154e+08 -7.154e+08 -7.154e+08 -7.154e+08 -7.154e+08 -7.154e+08 -7.154e+08 -7.154e+08 -7.154e+08 -7.154e+08 -7.154e+08 -7.154e+08 -7.154e+08 -7.154e+08
 -4.14e+08 -4.139e+08 -4.139e+08 -4.139e+08 -4.137e+08 -4.138e+08 -4.139e+08 -4.139e+08 -4.14e+08 -4.139e+08 -4.14e+08 -4.14e+08 -4.139e+08 -4.139e+08 -4.14e+08 -4.139e+08 -4.139e+08 -4.139e+08 -4.139e+08 -4.14e+08
 -5.389e+07 -5.39e+07 -5.394e+07 -5.397e+07 -5.393e+07 -5.392e+07 -5.391e+07 -5.368e+07 -5.391e+07 -5.389e+07 -5.391e+07 -5.391e+07 -5.386e+07 -5.394e+07 -5.389e+07 -5.392e+07 -5.387e+07 -5.386e+07 -5.395e+07 -5.384e+07
 -4.446e+08 -4.446e+08 -4.446e+08 -4.445e+08 -4.446e+08 -4.446e+08 -4.445e+08 -4.446e+08 -4.446e+08 -4.446e+08 -4.446e+08 -4.446e+08 -4.445e+08 -4.446e+08 -4.446e+08 -4.446e+08 -4.446e+08 -4.446e+08 -4.446e+08 -4.446e+08
 -1.167e+09 -1.167e+09 -1.167e+09 -1.167e+09 -1.168e+09 -1.167e+09 -1.167e+09 -1.167e+09 -1.167e+09 -1.167e+09 -1.167e+09 -1.167e+09 -1.167e+09 -1.167e+09 -1.167e+09 -1.167e+09 -1.167e+09 -1.167e+09 -1.167e+09 -1.167e+09
 -7.362e+07 -7.357e+07 -7.355e+07 -7.349e+07 -7.354e+07 -7.353e+07 -7.355e+07 -7.367e+07 -7.354e+07 -7.356e+07 -7.36e+07 -7.352e+07 -7.356e+07 -7.353e+07 -7.354e+07 -7.356e+07 -7.353e+07 -7.366e+07 -7.345e+07 -7.353e+07
 -3.812e+08 -3.812e+08 -3.812e+08 -3.812e+08 -3.812e+08 -3.812e+08 -3.812e+08 -3.812e+08 -3.812e+08 -3.813e+08 -3.812e+08 -3.812e+08 -3.812e+08 -3.812e+08 -3.812e+08 -3.812e+08 -3.811e+08 -3.812e+08 -3.812e+08 -3.812e+08
 -3.072e+09 -3.072e+09 -3.072e+09 -3.072e+09 -3.072e+09 -3.072e+09 -3.072e+09 -3.072e+09 -3.072e+09 -3.072e+09 -3.072e+09 -3.072e+09 -3.072e+09 -3.072e+09 -3.072e+09 -3.072e+09 -3.072e+09 -3.072e+09 -3.072e+09 -3.072e+09
 -7.84e+06 -7.82e+06 -7.82e+06 -7.83e+06 -8.11e+06 -7.83e+06 -7.71e+06 -7.85e+06 -7.83e+06 -7.81e+06 -7.31e+06 -7.83e+06 -7.84e+06 -7.85e+06 -7.84e+06 -7.83e+06 -7.82e+06 -7.78e+06 -7.8e+06 -7.85e+06
 -1.771e+08 -1.770e+08 -1.771e+08 -1.77e+08 -1.770e+08 -1.771e+08 -1.770e+08 -1.77e+08 -1.770e+08 -1.771e+08 -1.771e+08 -1.77e+08 -1.77e+08 -1.771e+08 -1.771e+08 -1.77e+08 -1.771e+08 -1.771e+08 -1.770e+08 -1.77e+08
 -5.524e+07 -5.543e+07 -5.539e+07 -5.535e+07 -5.536e+07 -5.534e+07 -5.534e+07 -5.534e+07 -5.535e+07 -5.535e+07 -5.531e+07 -5.54e+07 -5.529e+07 -5.537e+07 -5.537e+07 -5.531e+07 -5.539e+07 -5.511e+07 -5.524e+07 -5.554e+07
 -1.04e+09 -1.04e+09 -1.04e+09 -1.04e+09 -1.04e+09 -1.04e+09 -1.04e+09 -1.04e+09 -1.04e+09 -1.04e+09 -1.04e+09 -1.04e+09 -1.04e+09 -1.04e+09 -1.04e+09 -1.04e+09 -1.04e+09 -1.04e+09 -1.041e+09 -1.04e+09
 -3.197e+07 -3.2e+07 -3.198e+07 -3.201e+07 -3.194e+07 -3.205e+07 -3.198e+07 -3.182e+07 -3.164e+07 -3.197e+07 -3.192e+07 -3.191e+07 -3.194e+07 -3.194e+07 -3.196e+07 -3.199e+07 -3.196e+07 -3.198e+07 -3.202e+07 -3.198e+07
 -1.153e+07 -1.161e+07 -1.156e+07 -1.16e+07 -1.162e+07 -1.153e+07 -1.152e+07 -1.145e+07 -1.127e+07 -1.153e+07 -1.156e+07 -1.157e+07 -1.152e+07 -1.152e+07 -1.15e+07 -1.155e+07 -1.155e+07 -1.153e+07 -1.165e+07 -1.153e+07
 -1.436e+08 -1.436e+08 -1.436e+08 -1.436e+08 -1.435e+08 -1.436e+08 -1.436e+08 -1.436e+08 -1.436e+08 -1.436e+08 -1.436e+08 -1.437e+08 -1.436e+08 -1.436e+08 -1.436e+08 -1.437e+08 -1.435e+08 -1.436e+08 -1.436e+08 -1.435e+08
 -2.998e+08 -2.998e+08 -2.997e+08 -2.997e+08 -2.997e+08 -2.997e+08 -2.998e+08 -2.998e+08 -2.997e+08 -2.998e+08 -2.998e+08 -2.997e+08 -2.997e+08 -2.997e+08 -2.998e+08 -2.998e+08 -2.998e+08 -2.998e+08 -2.998e+08 -2.998e+08
 -4.194e+09 -4.194e+09 -4.194e+09 -4.194e+09 -4.194e+09 -4.194e+09 -4.194e+09 -4.194e+09 -4.194e+09 -4.194e+09 -4.194e+09 -4.194e+09 -4.194e+09 -4.194e+09 -4.194e+09 -4.194e+09 -4.194e+09 -4.194e+09 -4.194e+09 -4.194e+09
 -1.752e+08 -1.752e+08 -1.751e+08 -1.751e+08 -1.752e+08 -1.751e+08 -1.752e+08 -1.751e+08 -1.752e+08 -1.751e+08 -1.752e+08 -1.752e+08 -1.752e+08 -1.751e+08 -1.752e+08 -1.751e+08 -1.752e+08 -1.751e+08 -1.752e+08 -1.752e+08
 -1.155e+08 -1.156e+08 -1.156e+08 -1.157e+08 -1.157e+08 -1.156e+08 -1.156e+08 -1.157e+08 -1.157e+08 -1.156e+08 -1.157e+08 -1.156e+08 -1.157e+08 -1.157e+08 -1.157e+08 -1.156e+08 -1.157e+08 -1.157e+08 -1.157e+08 -1.156e+08
 -2.007e+08 -2.009e+08 -2.009e+08 -2.009e+08 -2.009e+08 -2.009e+08 -2.009e+08 -2.009e+08 -2.009e+08 -2.009e+08 -2.009e+08 -2.009e+08 -2.009e+08 -2.009e+08 -2.009e+08 -2.009e+08 -2.01e+08 -2.009e+08 -2.009e+08 -2.01e+08
 -6.28e+06 -6.64e+06 -6.35e+06 -6.41e+06 -6.82e+06 -6.24e+06 -6.05e+06 -6.06e+06 -6.06e+06 -6.08e+06 -6.07e+06 -6.12e+06 -6.06e+06 -5.98e+06 -6.11e+06 -6.2e+06 -6.07e+06 -5.57e+06 -5.82e+06 -6.18e+06
 -1.643e+09 -1.643e+09 -1.643e+09 -1.643e+09 -1.643e+09 -1.643e+09 -1.643e+09 -1.643e+09 -1.643e+09 -1.643e+09 -1.643e+09 -1.643e+09 -1.643e+09 -1.643e+09 -1.643e+09 -1.643e+09 -1.643e+09 -1.643e+09 -1.643e+09 -1.643e+09
 -2.192e+08 -2.193e+08 -2.192e+08 -2.193e+08 -2.193e+08 -2.193e+08 -2.193e+08 -2.192e+08 -2.193e+08 -2.193e+08 -2.193e+08 -2.192e+08 -2.193e+08 -2.193e+08 -2.193e+08 -2.192e+08 -2.192e+08 -2.193e+08 -2.192e+08 -2.193e+08
 -8.867e+08 -8.867e+08 -8.865e+08 -8.866e+08 -8.868e+08 -8.866e+08 -8.867e+08 -8.866e+08 -8.867e+08 -8.866e+08 -8.867e+08 -8.867e+08 -8.867e+08 -8.867e+08 -8.866e+08 -8.866e+08 -8.866e+08 -8.866e+08 -8.866e+08 -8.866e+08
 -1.814e+08 -1.815e+08 -1.814e+08 -1.815e+08 -1.815e+08 -1.815e+08 -1.815e+08 -1.815e+08 -1.815e+08 -1.815e+08 -1.815e+08 -1.815e+08 -1.815e+08 -1.815e+08 -1.815e+08 -1.815e+08 -1.814e+08 -1.815e+08 -1.815e+08 -1.815e+08
 -3.741e+08 -3.74e+08 -3.74e+08 -3.745e+08 -3.738e+08 -3.741e+08 -3.741e+08 -3.741e+08 -3.742e+08 -3.741e+08 -3.742e+08 -3.741e+08 -3.741e+08 -3.741e+08 -3.741e+08 -3.741e+08 -3.742e+08 -3.741e+08 -3.742e+08 -3.741e+08
 -1.022e+08 -1.023e+08 -1.023e+08 -1.023e+08 -1.022e+08 -1.023e+08 -1.018e+08 -1.022e+08 -1.022e+08 -1.022e+08 -1.022e+08 -1.022e+08 -1.022e+08 -1.022e+08 -1.022e+08 -1.022e+08 -1.022e+08 -1.022e+08 -1.022e+08 -1.023e+08
 -3.829e+08 -3.829e+08 -3.83e+08 -3.83e+08 -3.829e+08 -3.829e+08 -3.83e+08 -3.829e+08 -3.829e+08 -3.83e+08 -3.829e+08 -3.829e+08 -3.829e+08 -3.829e+08 -3.828e+08 -3.829e+08 -3.829e+08 -3.829e+08 -3.83e+08 -3.829e+08
 -2.403e+08 -2.4e+08 -2.404e+08 -2.403e+08 -2.403e+08 -2.403e+08 -2.402e+08 -2.403e+08 -2.403e+08 -2.403e+08 -2.403e+08 -2.403e+08 -2.403e+08 -2.402e+08 -2.403e+08 -2.403e+08 -2.403e+08 -2.403e+08 -2.404e+08 -2.403e+08
 -6.484e+08 -6.483e+08 -6.483e+08 -6.483e+08 -6.483e+08 -6.484e+08 -6.483e+08 -6.484e+08 -6.483e+08 -6.484e+08 -6.483e+08 -6.484e+08 -6.484e+08 -6.484e+08 -6.484e+08 -6.484e+08 -6.483e+08 -6.483e+08 -6.484e+08 -6.484e+08
 -5.6e+05 -5.5e+05 -5.7e+05 -6.6e+05 -6.4e+05 -5e+05 -6.4e+05 -6.3e+05 -6.3e+05 -5.7e+05 1.12e+06 -6.5e+05 -6.3e+05 -6.3e+05 -6e+05 -6.2e+05 -6.1e+05 -6.3e+05 -6.5e+05 -6.9e+05
 -5.8e+05 -5.6e+05 -5.9e+05 -6.7e+05 -6e+05 -5.3e+05 -7.3e+05 -5.7e+05 -6.6e+05 -6e+05 -6e+05 -6.5e+05 -5.2e+05 -5.6e+05 -6.3e+05 -6.7e+05 -1.06e+06 1.9e+05 -1.2e+05 -1.23e+06
 -5.3e+08 -5.3e+08 -5.301e+08 -5.3e+08 -5.3e+08 -5.300e+08 -5.3e+08 -5.3e+08 -5.3e+08 -5.300e+08 -5.3e+08 -5.3e+08 -5.3e+08 -5.3e+08 -5.300e+08 -5.301e+08 -5.301e+08 -5.3e+08 -5.3e+08 -5.301e+08
 -3.48e+06 -3.39e+06 -3.25e+06 -3.18e+06 -3.16e+06 -3.21e+06 -3.19e+06 -3.2e+06 -3.18e+06 -3.17e+06 -3.17e+06 -3.19e+06 -3.21e+06 -3.26e+06 -3.24e+06 -3.2e+06 -3.11e+06 -3.04e+06 -3.09e+06 -3.19e+06
 -3.776e+08 -3.777e+08 -3.776e+08 -3.776e+08 -3.777e+08 -3.776e+08 -3.776e+08 -3.776e+08 -3.776e+08 -3.777e+08 -3.774e+08 -3.776e+08 -3.776e+08 -3.776e+08 -3.776e+08 -3.776e+08 -3.776e+08 -3.776e+08 -3.776e+08 -3.776e+08
 -1.54e+06 -1.91e+06 -1.25e+06 -1.55e+06 -1.72e+06 -1.66e+06 -1.14e+06 -1.31e+06 -1.35e+06 -1.28e+06 -1.34e+06 -7e+05 -1.94e+06 -1.33e+06 -1.22e+06 -1.72e+06 -9.3e+05 -1.35e+06 -1.64e+06 -1.61e+06
 -1.67e+06 -9.5e+05 -1e+06 -1.04e+06 -9.8e+05 -9.8e+05 -9.7e+05 -9.9e+05 -1e+06 -9.8e+05 -9.8e+05 -9.6e+05 -1.14e+06 -1.01e+06 -9.6e+05 -8.6e+05 -1.14e+06 -6.5e+05 -8.7e+05 -2.03e+06


