# Created by Octave 6.2.0, Fri Sep 24 22:34:27 2021 CEST <adrianvazquezbarrera@Adrians-MacBook-Pro.local>
# name: w
# type: matrix
# rows: 1281
# columns: 2
 -19 19
 -2592 2592
 -5207 5207
 794 -794
 -3421 3421
 4654 -4654
 94.87 -94.87
 1.437e+04 -1.437e+04
 1.089e+04 -1.089e+04
 7538 -7538
 7913 -7913
 -7321 7321
 -3280 3280
 -3990 3990
 2484 -2484
 3384 -3384
 6122 -6122
 2918 -2918
 -649.2 649.2
 4700 -4700
 99.47 -99.47
 -2787 2787
 -2798 2798
 -5498 5498
 5075 -5075
 -1336 1336
 -986.1 986.1
 -2972 2972
 732.6 -732.6
 3097 -3097
 -2633 2633
 -2803 2803
 1.248e+04 -1.248e+04
 -2118 2118
 -7261 7261
 2276 -2276
 -1014 1014
 -1390 1390
 -9245 9245
 1.057e+04 -1.057e+04
 -394.3 394.3
 -5060 5060
 -1213 1213
 1265 -1265
 -6843 6843
 -4038 4038
 233.1 -233.1
 -1317 1317
 1668 -1668
 -4776 4776
 -3198 3198
 1378 -1378
 -2125 2125
 2865 -2865
 1.006e+04 -1.006e+04
 2710 -2710
 -5787 5787
 4693 -4693
 1392 -1392
 -3066 3066
 -3754 3754
 146.1 -146.1
 2287 -2287
 -7432 7432
 -7260 7260
 -1750 1750
 -475.9 475.9
 659.3 -659.3
 1052 -1052
 1.166e+04 -1.166e+04
 4486 -4486
 143.6 -143.6
 2018 -2018
 -2995 2995
 3123 -3123
 -2143 2143
 8115 -8115
 7118 -7118
 4662 -4662
 3579 -3579
 -156.1 156.1
 1852 -1852
 613.8 -613.8
 1288 -1288
 382.6 -382.6
 3211 -3211
 842.2 -842.2
 1353 -1353
 -7957 7957
 124.4 -124.4
 -5716 5716
 -827.1 827.1
 143.3 -143.3
 -58.64 58.64
 -2001 2001
 5197 -5197
 -1639 1639
 -137.7 137.7
 -1113 1113
 212.2 -212.2
 -389.5 389.5
 1758 -1758
 -741.3 741.3
 -3455 3455
 -6750 6750
 7297 -7297
 2616 -2616
 -2357 2357
 585.5 -585.5
 276.1 -276.1
 -6088 6088
 -4250 4250
 2071 -2071
 1266 -1266
 -7257 7257
 -3649 3649
 3635 -3635
 -922 922
 -2390 2390
 -3286 3286
 2203 -2203
 2989 -2989
 489.7 -489.7
 4963 -4963
 2612 -2612
 -1710 1710
 2846 -2846
 3076 -3076
 929.9 -929.9
 1181 -1181
 2901 -2901
 4002 -4002
 682.9 -682.9
 -3883 3883
 1436 -1436
 379.4 -379.4
 -1775 1775
 -463.9 463.9
 -1104 1104
 1149 -1149
 2249 -2249
 1140 -1140
 -438.2 438.2
 -3198 3198
 -7652 7652
 -5255 5255
 3375 -3375
 3413 -3413
 4971 -4971
 1749 -1749
 1.135e+04 -1.135e+04
 -40.58 40.58
 4647 -4647
 6206 -6206
 5768 -5768
 1388 -1388
 -3294 3294
 -130.1 130.1
 -1062 1062
 -5198 5198
 -379.2 379.2
 2775 -2775
 -1.659e+04 1.659e+04
 -2399 2399
 -2217 2217
 -3613 3613
 -3056 3056
 -3718 3718
 -984.3 984.3
 -1968 1968
 -756.7 756.7
 115.2 -115.2
 1.033e+04 -1.033e+04
 1070 -1070
 -1319 1319
 1420 -1420
 1784 -1784
 1316 -1316
 3.719 -3.719
 3239 -3239
 3574 -3574
 -4473 4473
 -2892 2892
 -2371 2371
 1282 -1282
 2669 -2669
 2181 -2181
 -6813 6813
 -6547 6547
 -3226 3226
 3599 -3599
 -2166 2166
 -460.2 460.2
 639.4 -639.4
 427.5 -427.5
 2101 -2101
 -3202 3202
 4922 -4922
 7911 -7911
 -3430 3430
 -4032 4032
 -4099 4099
 3744 -3744
 1511 -1511
 -1073 1073
 -2193 2193
 -790.9 790.9
 -1759 1759
 -3893 3893
 3598 -3598
 -7932 7932
 -622.1 622.1
 -4923 4923
 -2701 2701
 3279 -3279
 -7405 7405
 -378.6 378.6
 -5855 5855
 1763 -1763
 -4044 4044
 -9745 9745
 3080 -3080
 943.7 -943.7
 3190 -3190
 -1973 1973
 -15.96 15.96
 1680 -1680
 3991 -3991
 5191 -5191
 846 -846
 -2743 2743
 1.218e+04 -1.218e+04
 -4859 4859
 -2192 2192
 -2085 2085
 -3761 3761
 2971 -2971
 397.7 -397.7
 -3902 3902
 -4065 4065
 -439 439
 2847 -2847
 -1008 1008
 2158 -2158
 -6687 6687
 -5545 5545
 215.3 -215.3
 -475.8 475.8
 -1922 1922
 -812.6 812.6
 1684 -1684
 -1778 1778
 1328 -1328
 -6211 6211
 158 -158
 -3247 3247
 -2324 2324
 -7284 7284
 4191 -4191
 1785 -1785
 3504 -3504
 2916 -2916
 808.5 -808.5
 37.72 -37.72
 -897 897
 1167 -1167
 -7038 7038
 -5415 5415
 -3830 3830
 3653 -3653
 4056 -4056
 -2961 2961
 -8764 8764
 -165.8 165.8
 8512 -8512
 360.6 -360.6
 -5492 5492
 -5684 5684
 -4981 4981
 -1413 1413
 -1807 1807
 5143 -5143
 -3334 3334
 -1201 1201
 -498.8 498.8
 -7406 7406
 2450 -2450
 4275 -4275
 543.1 -543.1
 -4852 4852
 -6481 6481
 5063 -5063
 662.6 -662.6
 1847 -1847
 -662.1 662.1
 -1866 1866
 6464 -6464
 3464 -3464
 -6518 6518
 -6437 6437
 4340 -4340
 1965 -1965
 -391.4 391.4
 -2024 2024
 -5787 5787
 -44.58 44.58
 -4071 4071
 6900 -6900
 6216 -6216
 1184 -1184
 1907 -1907
 184.2 -184.2
 -4023 4023
 -3909 3909
 -1124 1124
 -1.387e+04 1.387e+04
 2205 -2205
 6256 -6256
 3418 -3418
 -221.4 221.4
 622.3 -622.3
 -3053 3053
 -108.7 108.7
 3633 -3633
 -442.7 442.7
 -3435 3435
 3403 -3403
 -54.79 54.79
 -7618 7618
 -5560 5560
 -997.9 997.9
 363.7 -363.7
 -1608 1608
 -400.1 400.1
 8056 -8056
 -6230 6230
 802.5 -802.5
 4793 -4793
 -7261 7261
 19.79 -19.79
 1852 -1852
 -4117 4117
 12.86 -12.86
 5342 -5342
 2383 -2383
 262.4 -262.4
 -2956 2956
 2989 -2989
 8414 -8414
 820.7 -820.7
 6.079 -6.079
 2499 -2499
 -521.2 521.2
 -540.1 540.1
 -4488 4488
 -958.8 958.8
 -3994 3994
 -1266 1266
 1806 -1806
 -7619 7619
 703 -703
 -1756 1756
 -5957 5957
 -1838 1838
 1699 -1699
 -227.9 227.9
 4171 -4171
 -2317 2317
 -2271 2271
 -2521 2521
 9607 -9607
 -1197 1197
 1380 -1380
 -977.1 977.1
 -634.1 634.1
 4207 -4207
 4944 -4944
 1711 -1711
 -7354 7354
 -5635 5635
 3356 -3356
 -77.98 77.98
 2485 -2485
 -3568 3568
 741.3 -741.3
 -1948 1948
 -931.1 931.1
 -9254 9254
 1869 -1869
 -2682 2682
 3382 -3382
 -5080 5080
 1763 -1763
 7951 -7951
 -2347 2347
 5311 -5311
 -4350 4350
 2857 -2857
 3181 -3181
 -2044 2044
 3432 -3432
 -8613 8613
 -6144 6144
 -8824 8824
 1145 -1145
 -4996 4996
 -187 187
 -6505 6505
 5284 -5284
 -1513 1513
 -926.8 926.8
 -2131 2131
 -1365 1365
 776.5 -776.5
 -1451 1451
 -2826 2826
 7433 -7433
 -4235 4235
 -3970 3970
 2445 -2445
 -1210 1210
 4969 -4969
 -2481 2481
 -6296 6296
 -1472 1472
 6091 -6091
 -862.5 862.5
 -2322 2322
 -3846 3846
 -6830 6830
 689 -689
 4626 -4626
 -4882 4882
 -238.9 238.9
 1093 -1093
 -20.28 20.28
 6874 -6874
 -3447 3447
 2116 -2116
 -252.7 252.7
 -3773 3773
 -2685 2685
 -8096 8096
 3830 -3830
 -2514 2514
 -2602 2602
 -36.45 36.45
 -1493 1493
 4753 -4753
 1750 -1750
 -1801 1801
 3312 -3312
 -1245 1245
 108.5 -108.5
 4373 -4373
 -5324 5324
 395 -395
 -1327 1327
 -3003 3003
 -3116 3116
 -2338 2338
 7263 -7263
 3422 -3422
 -1929 1929
 -4308 4308
 -5242 5242
 -775.2 775.2
 -1177 1177
 -1264 1264
 513.1 -513.1
 4867 -4867
 5794 -5794
 1364 -1364
 183.7 -183.7
 3291 -3291
 1601 -1601
 -1.11e+04 1.11e+04
 -1889 1889
 7486 -7486
 -547.9 547.9
 2249 -2249
 -4479 4479
 -3411 3411
 -4086 4086
 -2184 2184
 -885.9 885.9
 -715.1 715.1
 -3795 3795
 809.3 -809.3
 5675 -5675
 -571 571
 698.1 -698.1
 -1590 1590
 -1667 1667
 2648 -2648
 -8892 8892
 -1006 1006
 6685 -6685
 -3138 3138
 -1493 1493
 -2112 2112
 3107 -3107
 2089 -2089
 1726 -1726
 -1350 1350
 1162 -1162
 1553 -1553
 -8914 8914
 5270 -5270
 1778 -1778
 -5423 5423
 -1904 1904
 -3076 3076
 3556 -3556
 1718 -1718
 -1890 1890
 2163 -2163
 4774 -4774
 -1423 1423
 4475 -4475
 -2908 2908
 116 -116
 -4752 4752
 837.8 -837.8
 -5434 5434
 3458 -3458
 -3396 3396
 -3959 3959
 -1605 1605
 3207 -3207
 -1649 1649
 -2525 2525
 -2027 2027
 -4787 4787
 5923 -5923
 360.2 -360.2
 -1490 1490
 -2003 2003
 3465 -3465
 -75.32 75.32
 3407 -3407
 6181 -6181
 3657 -3657
 7868 -7868
 844.3 -844.3
 680 -680
 -3540 3540
 1845 -1845
 -4201 4201
 760.6 -760.6
 -943.7 943.7
 7491 -7491
 4792 -4792
 -4451 4451
 6858 -6858
 1.363e+04 -1.363e+04
 7959 -7959
 7017 -7017
 5009 -5009
 -3137 3137
 819.4 -819.4
 -3001 3001
 7876 -7876
 -962.3 962.3
 -2433 2433
 1818 -1818
 182.3 -182.3
 -3380 3380
 210.9 -210.9
 -1572 1572
 1061 -1061
 1839 -1839
 1859 -1859
 4809 -4809
 -2777 2777
 -3503 3503
 -7888 7888
 -1762 1762
 -3965 3965
 -7089 7089
 -3660 3660
 -3823 3823
 585.5 -585.5
 -7458 7458
 -3948 3948
 -4597 4597
 -4939 4939
 -4807 4807
 2172 -2172
 111.6 -111.6
 -5922 5922
 776.3 -776.3
 781 -781
 5367 -5367
 5792 -5792
 8149 -8149
 -7667 7667
 -1891 1891
 4884 -4884
 -1100 1100
 -2532 2532
 3646 -3646
 990 -990
 -467 467
 -196 196
 -1872 1872
 2112 -2112
 -6410 6410
 497.4 -497.4
 3748 -3748
 3573 -3573
 -2447 2447
 777.7 -777.7
 1.007e+04 -1.007e+04
 -3381 3381
 -137.3 137.3
 5681 -5681
 5811 -5811
 -2893 2893
 -5115 5115
 5976 -5976
 -2469 2469
 5508 -5508
 -2537 2537
 3934 -3934
 -5447 5447
 505.2 -505.2
 -6043 6043
 2405 -2405
 1638 -1638
 -2572 2572
 1258 -1258
 -756 756
 5093 -5093
 2836 -2836
 2609 -2609
 2876 -2876
 -1.055e+04 1.055e+04
 398.5 -398.5
 -1112 1112
 7027 -7027
 513.7 -513.7
 1342 -1342
 -859.9 859.9
 6322 -6322
 405.9 -405.9
 -1295 1295
 -879.5 879.5
 -5526 5526
 -5383 5383
 -1205 1205
 1071 -1071
 -1472 1472
 -2940 2940
 6813 -6813
 1181 -1181
 6290 -6290
 1452 -1452
 2687 -2687
 5146 -5146
 2576 -2576
 12.16 -12.16
 468.7 -468.7
 -1361 1361
 -3415 3415
 26.51 -26.51
 6776 -6776
 2315 -2315
 -2171 2171
 4306 -4306
 831.4 -831.4
 -8549 8549
 3101 -3101
 -6278 6278
 -3827 3827
 1892 -1892
 3976 -3976
 3559 -3559
 3715 -3715
 -5357 5357
 -2685 2685
 1815 -1815
 2067 -2067
 8298 -8298
 -512.4 512.4
 -4345 4345
 -7146 7146
 -4978 4978
 1.194e+04 -1.194e+04
 -1647 1647
 4929 -4929
 4909 -4909
 3441 -3441
 42.44 -42.44
 -1153 1153
 574 -574
 625.7 -625.7
 4517 -4517
 4375 -4375
 -2768 2768
 1959 -1959
 -3090 3090
 4710 -4710
 2793 -2793
 -5985 5985
 3001 -3001
 1581 -1581
 1.061e+04 -1.061e+04
 1152 -1152
 316.7 -316.7
 -2565 2565
 -4906 4906
 -5250 5250
 3494 -3494
 -6380 6380
 -445.1 445.1
 -5515 5515
 387.9 -387.9
 -5824 5824
 -2008 2008
 -2832 2832
 6566 -6566
 -6762 6762
 7993 -7993
 1987 -1987
 3316 -3316
 -4280 4280
 7306 -7306
 3095 -3095
 2386 -2386
 4331 -4331
 -7264 7264
 -916.7 916.7
 2881 -2881
 -6021 6021
 -8779 8779
 9768 -9768
 -3288 3288
 2706 -2706
 -1.03e+04 1.03e+04
 1459 -1459
 6.89 -6.89
 -1.116e+04 1.116e+04
 -2016 2016
 -5779 5779
 -4134 4134
 2240 -2240
 -2441 2441
 417.3 -417.3
 -103.1 103.1
 4075 -4075
 -1.241e+04 1.241e+04
 -1.396e+04 1.396e+04
 -731.2 731.2
 1280 -1280
 -1350 1350
 7371 -7371
 2516 -2516
 -6444 6444
 -3362 3362
 -9777 9777
 1083 -1083
 752.9 -752.9
 1748 -1748
 5652 -5652
 -3245 3245
 -3498 3498
 -53.89 53.89
 -434.5 434.5
 3906 -3906
 -314.4 314.4
 -1925 1925
 2240 -2240
 428.1 -428.1
 7081 -7081
 4912 -4912
 -7153 7153
 4204 -4204
 8098 -8098
 -1.967e+04 1.967e+04
 -3626 3626
 103 -103
 4180 -4180
 -4590 4590
 -924.5 924.5
 1582 -1582
 -1264 1264
 -1664 1664
 9944 -9944
 -2812 2812
 -90.01 90.01
 -1.38e+04 1.38e+04
 -2116 2116
 1114 -1114
 -401.1 401.1
 -6544 6544
 -131.9 131.9
 -1758 1758
 -3439 3439
 -1853 1853
 -1629 1629
 3290 -3290
 1328 -1328
 -1995 1995
 1533 -1533
 33.86 -33.86
 -2264 2264
 3113 -3113
 34.85 -34.85
 -5139 5139
 567 -567
 -7015 7015
 -1841 1841
 3172 -3172
 -2556 2556
 -4397 4397
 636.4 -636.4
 -1972 1972
 45.84 -45.84
 -223 223
 -7163 7163
 -224 224
 1445 -1445
 -114.6 114.6
 -1126 1126
 1.605e+04 -1.605e+04
 -119.3 119.3
 -4328 4328
 269.7 -269.7
 1015 -1015
 -2468 2468
 4574 -4574
 1353 -1353
 7694 -7694
 1.298e+04 -1.298e+04
 8945 -8945
 -3669 3669
 -1160 1160
 4778 -4778
 -2531 2531
 -491.1 491.1
 -1785 1785
 1475 -1475
 2135 -2135
 -6345 6345
 -6929 6929
 4802 -4802
 -4344 4344
 8238 -8238
 1663 -1663
 -1567 1567
 -7335 7335
 -4378 4378
 1874 -1874
 -48.77 48.77
 7662 -7662
 -2921 2921
 500.6 -500.6
 -1460 1460
 3442 -3442
 -4032 4032
 2608 -2608
 -5348 5348
 -7959 7959
 3396 -3396
 796.9 -796.9
 -7077 7077
 1322 -1322
 2647 -2647
 -4314 4314
 -4229 4229
 -1389 1389
 -1417 1417
 -3840 3840
 -1364 1364
 9282 -9282
 -1.066e+04 1.066e+04
 2354 -2354
 6118 -6118
 2728 -2728
 -1.015e+04 1.015e+04
 273.8 -273.8
 6248 -6248
 -177.6 177.6
 2.593 -2.593
 -5218 5218
 -5093 5093
 -9420 9420
 3309 -3309
 1202 -1202
 -3392 3392
 -1320 1320
 217.1 -217.1
 1492 -1492
 -5644 5644
 -6783 6783
 -1549 1549
 -274.3 274.3
 3.355 -3.355
 -2031 2031
 -2926 2926
 7233 -7233
 6069 -6069
 4860 -4860
 -1.093e+04 1.093e+04
 293.3 -293.3
 -5299 5299
 -501.8 501.8
 888.4 -888.4
 6406 -6406
 -1807 1807
 3551 -3551
 -7501 7501
 -449.5 449.5
 -5812 5812
 -7066 7066
 3318 -3318
 4242 -4242
 -25.33 25.33
 5716 -5716
 2824 -2824
 3647 -3647
 1411 -1411
 1.008 -1.008
 6173 -6173
 -2853 2853
 5245 -5245
 -4303 4303
 4074 -4074
 1790 -1790
 8493 -8493
 -6811 6811
 2836 -2836
 -1711 1711
 6941 -6941
 3017 -3017
 5286 -5286
 -522.2 522.2
 -2686 2686
 3008 -3008
 -2376 2376
 -4474 4474
 909.4 -909.4
 -2809 2809
 -1032 1032
 736.6 -736.6
 -1701 1701
 -1154 1154
 -1398 1398
 893.1 -893.1
 1824 -1824
 -3657 3657
 5348 -5348
 -4561 4561
 2620 -2620
 -177.1 177.1
 3126 -3126
 -2289 2289
 704.1 -704.1
 -72.27 72.27
 972.3 -972.3
 1898 -1898
 1012 -1012
 -414.8 414.8
 -1219 1219
 -7626 7626
 -1845 1845
 -1777 1777
 4014 -4014
 -7389 7389
 -9383 9383
 705.7 -705.7
 -3417 3417
 4094 -4094
 2442 -2442
 6221 -6221
 2594 -2594
 4783 -4783
 -1.01e+04 1.01e+04
 826.8 -826.8
 1582 -1582
 -1800 1800
 702.1 -702.1
 2015 -2015
 -3924 3924
 -7211 7211
 -2967 2967
 4107 -4107
 -1306 1306
 -2483 2483
 3772 -3772
 -5031 5031
 -3500 3500
 -8342 8342
 -1245 1245
 3037 -3037
 -1353 1353
 -3502 3502
 1249 -1249
 8862 -8862
 -6512 6512
 3984 -3984
 2046 -2046
 1640 -1640
 8627 -8627
 2035 -2035
 -418.8 418.8
 -9006 9006
 2612 -2612
 1695 -1695
 1625 -1625
 -5925 5925
 -744.9 744.9
 -4580 4580
 -626.8 626.8
 3447 -3447
 3141 -3141
 -494 494
 937.8 -937.8
 -1728 1728
 -6975 6975
 -5954 5954
 -5344 5344
 -1264 1264
 2971 -2971
 2719 -2719
 6006 -6006
 3137 -3137
 2660 -2660
 -1651 1651
 -766.3 766.3
 198.4 -198.4
 -3856 3856
 2106 -2106
 -7338 7338
 1235 -1235
 4142 -4142
 -4009 4009
 -2733 2733
 683.1 -683.1
 3160 -3160
 -994.2 994.2
 -3101 3101
 -1842 1842
 4180 -4180
 2880 -2880
 7352 -7352
 -448.7 448.7
 -2151 2151
 3673 -3673
 975.2 -975.2
 1162 -1162
 -4677 4677
 -8045 8045
 6427 -6427
 6378 -6378
 -1978 1978
 -1550 1550
 8274 -8274
 -916.4 916.4
 3543 -3543
 2984 -2984
 -6949 6949
 -3457 3457
 -4435 4435
 2128 -2128
 820.6 -820.6
 7121 -7121
 1142 -1142
 -6304 6304
 -1727 1727
 -1.177e+04 1.177e+04
 8495 -8495
 -4706 4706
 1.163e+04 -1.163e+04
 -836.2 836.2
 -1495 1495
 3112 -3112
 3202 -3202
 -2916 2916
 -8219 8219
 -6154 6154
 -6699 6699
 4098 -4098
 -1149 1149
 -1539 1539
 -6996 6996
 125.4 -125.4
 2486 -2486
 -4844 4844
 -1414 1414
 -726.6 726.6
 -2420 2420
 -5355 5355
 -778.1 778.1
 -5902 5902
 -3432 3432
 -3589 3589
 -5393 5393
 2097 -2097
 -7549 7549
 -5028 5028
 1931 -1931
 -897.8 897.8
 2623 -2623
 7219 -7219
 -3311 3311
 -3456 3456
 -5018 5018
 -810.3 810.3
 -3892 3892
 2926 -2926
 2132 -2132
 1904 -1904
 255.2 -255.2
 -2297 2297
 1494 -1494
 8062 -8062
 -104.3 104.3
 -3415 3415
 865.4 -865.4
 2413 -2413
 -2880 2880
 6711 -6711
 -4171 4171
 -4621 4621
 2369 -2369
 3801 -3801
 -9760 9760
 524.6 -524.6
 -708.7 708.7
 -523.4 523.4
 -2934 2934
 -1467 1467
 705.2 -705.2
 -4478 4478
 2126 -2126
 5292 -5292
 -709.4 709.4
 -8020 8020
 4946 -4946
 1900 -1900
 7348 -7348
 -1409 1409
 1531 -1531
 656.3 -656.3
 -2291 2291
 2971 -2971
 -2545 2545
 1967 -1967
 352.6 -352.6
 -383.5 383.5
 7173 -7173
 138.5 -138.5
 1195 -1195
 -429.6 429.6
 -622.8 622.8
 -7365 7365
 1754 -1754
 -1943 1943
 1314 -1314
 302.5 -302.5
 -1943 1943
 -971.5 971.5
 -1998 1998
 887.2 -887.2
 -5128 5128
 4855 -4855
 2371 -2371
 -3193 3193
 -4459 4459
 -407 407
 -2725 2725
 2025 -2025
 342.5 -342.5
 -2542 2542
 -2192 2192
 1139 -1139
 -3724 3724
 353.5 -353.5
 -201.3 201.3
 -8545 8545
 268.6 -268.6
 -1.038e+04 1.038e+04
 -2590 2590
 -3088 3088
 -1346 1346
 -4159 4159
 2479 -2479
 -4459 4459
 8213 -8213
 1.583e+04 -1.583e+04
 -5253 5253
 -3251 3251
 -8725 8725
 2017 -2017
 2788 -2788
 9593 -9593
 2381 -2381
 -4275 4275
 3930 -3930
 -7869 7869
 -1864 1864
 -3555 3555
 -3991 3991
 -3422 3422
 -417.9 417.9
 -1609 1609
 4562 -4562
 838.8 -838.8
 3507 -3507
 2758 -2758
 -9068 9068
 -5285 5285
 -1655 1655
 -3453 3453
 4079 -4079
 8353 -8353
 -4690 4690
 -1717 1717
 -8169 8169
 -2492 2492
 6326 -6326
 4148 -4148
 -364.9 364.9
 2896 -2896
 -6204 6204
 2318 -2318
 1180 -1180
 -2994 2994
 892.7 -892.7
 -6346 6346
 378.4 -378.4
 -4034 4034
 6655 -6655
 -4299 4299
 -1075 1075
 -1508 1508
 -2221 2221
 -3002 3002
 102.2 -102.2
 3086 -3086
 -2006 2006
 -5185 5185
 5711 -5711
 -283.8 283.8
 1493 -1493
 4230 -4230
 -5363 5363
 -7029 7029
 1366 -1366
 -3708 3708
 -7045 7045
 -2534 2534
 -4732 4732
 3626 -3626
 3735 -3735
 3935 -3935
 -594.7 594.7
 2423 -2423
 -1750 1750
 -1851 1851
 36.84 -36.84
 8312 -8312
 220.2 -220.2
 4643 -4643
 8102 -8102
 -4737 4737
 971.2 -971.2
 -4817 4817
 5664 -5664
 -5176 5176
 -165.1 165.1
 3545 -3545
 6535 -6535
 2753 -2753
 -2424 2424
 5531 -5531
 -4825 4825
 -3096 3096
 4567 -4567


